trial,outcome,center_in,center_out,side_in,last_side_out,actions,reward,trial_types,odors,port_side,schedule,odor_name,odor_dur
1,863.699392,862.778893,863.223888,863.699392,878.994904,0,NaN,0,8.00000000000001,1,2,66,0.5
2,880.805395,879.655888,879.993392,880.805395,888.055392,0,NaN,0,8.00000000000001,1,2,66,0.5
3,891.746396,890.822892,891.090393,891.693392,897.267393,1,2.99999999999994,0.0299999999999997,8.00000000000001,1,2,66,0.5
4,906.712892,905.633392,905.871392,906.659892,910.271388,0,2.99999999999994,0.0299999999999997,8.99999999999999,2,1,65,0.5
5,916.197392,915.464392,915.675392,916.197392,929.335392,1,NaN,0,8.99999999999999,2,1,65,0.5
6,931.456892,930.584392,930.852392,931.456892,939.472892,0,NaN,0,8.00000000000001,1,2,66,0.5
7,945.804408,944.942895,945.225398,945.751392,947.834892,1,2.99999999999994,0.0299999999999997,8.00000000000001,1,2,66,0.5
8,949.476409,948.740413,948.933892,949.424392,952.586891,0,2.99999999999994,0.0299999999999997,8.99999999999999,2,1,65,0.5
9,955.149398,954.226394,954.555895,955.096891,956.210892,1,2.99999999999994,0.0299999999999997,8.00000000000001,1,2,66,0.5
10,957.464392,956.645894,956.987392,957.464392,967.289888,0,NaN,0,8.00000000000001,0,2,66,0.5
11,968.338411,967.646892,967.788388,968.285392,984.008888,0,2.99999999999994,0.0299999999999997,8.99999999999999,2,1,65,0.5
12,987.113892,985.849892,986.382892,987.090391,987.165896,1,NaN,0.00999999999999943,8.00000000000001,0,2,66,0.5
13,1006.242388,1005.163892,1005.670393,1006.189388,1011.237388,0,2.99999999999994,0.0299999999999997,8.99999999999999,2,1,65,0.5
14,1015.804394,1014.826892,1015.238892,1015.799388,1018.798393,1,2.99999999999994,0.0299999999999997,8.00000000000001,1,2,66,0.5
15,1020.665391,1019.738892,1020.025894,1020.611892,1024.126394,0,2.99999999999994,0.0299999999999997,8.99999999999999,2,1,65,0.5
16,1027.676395,1026.747396,1027.035892,1027.623892,1030.165392,1,2.99999999999994,0.0299999999999997,8.00000000000001,1,2,66,0.5
17,1031.944392,1030.899888,1031.329888,1031.942391,1034.888891,0,2.99999999999994,0.0299999999999997,8.99999999999999,2,1,65,0.5
18,1038.643392,1037.649396,1038.095893,1038.643392,1044.734395,1,NaN,0,8.99999999999999,0,1,65,0.5
19,1046.351888,1045.316394,1045.570388,1046.250393,1054.984393,0,NaN,0.00999999999999943,8.99999999999999,0,1,65,0.5
20,1056.371892,1055.467392,1055.717392,1056.371892,1065.595892,0,NaN,0,8.00000000000001,1,2,66,0.5
21,1069.509894,1067.796392,1068.398892,1068.958892,1071.951392,1,NaN,0.00999999999999943,8.00000000000001,0,2,66,0.5
22,1078.624394,1077.758394,1077.997392,1078.622392,1080.713894,1,2.99999999999994,0.0299999999999997,8.00000000000001,1,2,66,0.5
23,1083.504892,1082.773891,1083.031392,1083.504892,1097.673894,1,NaN,0,8.99999999999999,2,1,65,0.5
24,1099.843892,1098.155391,1098.618408,1099.841395,1134.674888,0,2.99999999999994,0.0299999999999997,8.99999999999999,2,1,65,0.5
25,1136.849392,1135.954388,1136.363394,1136.849392,1146.740397,1,NaN,0,8.99999999999999,2,1,65,0.5
26,1163.236892,1162.145392,1162.452392,1163.236892,1169.951392,0,NaN,0,8.00000000000001,0,2,66,0.5
27,1173.048893,1172.163892,1172.592409,1173.048893,1174.260407,0,NaN,0,8.00000000000001,0,2,66,0.5
28,1180.426892,1179.475391,1179.817894,1180.423894,1190.582388,1,2.99999999999994,0.0299999999999997,8.00000000000001,1,2,66,0.5
29,1192.521892,1191.679388,1192.043894,1192.521892,1198.844891,1,NaN,0,8.99999999999999,2,1,65,0.5
30,1200.111392,1199.254892,1199.585894,1200.111392,1233.795398,1,NaN,0,8.99999999999999,2,1,65,0.5
31,1235.890898,1234.609892,1235.304892,1235.838392,1240.524888,0,2.99999999999994,0.0299999999999997,8.99999999999999,2,1,65,0.5
32,1245.609392,1244.559903,1244.898401,1245.556395,1249.568892,1,2.99999999999994,0.0299999999999997,8.00000000000001,1,2,66,0.5
33,1251.047393,1250.251392,1250.530392,1251.047393,1297.111892,0,NaN,0,8.00000000000001,1,2,66,0.5
34,1306.116892,1304.855894,1304.889894,1305.516392,1314.055892,1,NaN,0.00999999999999943,8.00000000000001,0,2,66,0.5
35,1315.406897,1314.456905,1314.737892,1315.405894,1321.298409,1,NaN,0.00999999999999943,8.00000000000001,0,2,66,0.5
36,1325.607894,1324.058892,1325.054394,1325.554892,1333.309392,0,2.99999999999994,0.0299999999999997,8.99999999999999,2,1,65,0.5
37,1334.857892,1333.757392,1334.150892,1334.855392,1337.346408,1,2.99999999999994,0.0299999999999997,8.00000000000001,1,2,66,0.5
38,1339.359393,1338.164392,1338.831396,1339.306408,1341.347392,0,2.99999999999994,0.0299999999999997,8.99999999999999,2,1,65,0.5
39,1342.887894,1341.962392,1342.370393,1342.887894,1349.914892,0,NaN,0,8.00000000000001,1,2,66,0.5
40,1417.112892,1416.109392,1416.332894,1417.112892,1425.642394,0,NaN,0,8.00000000000001,1,2,66,0.5
41,1428.459392,1427.488409,1427.919397,1428.459392,1433.293391,0,NaN,0,8.00000000000001,1,2,66,0.5
42,1435.531395,1434.365893,1434.827391,1435.530394,1440.862408,1,NaN,0.00999999999999943,8.00000000000001,0,2,66,0.5
43,1444.499892,1442.762395,1443.932891,1444.499892,1452.612392,1,NaN,0,8.99999999999999,2,1,65,0.5
44,1454.077392,1453.071403,1453.452891,1454.067391,1486.377895,1,2.99999999999994,0.0299999999999997,8.00000000000001,1,2,66,0.5
45,1500.1399,1498.911396,1499.545392,1500.086892,1504.672408,0,2.99999999999994,0.0299999999999997,8.99999999999999,2,1,65,0.5
46,1513.027888,1511.770892,1512.095892,1513.027888,1521.051392,0,NaN,0,8.00000000000001,1,2,66,0.5
47,1523.611892,1522.629892,1523.078892,1523.558893,1525.214408,1,2.99999999999994,0.0299999999999997,8.00000000000001,1,2,66,0.5
48,1526.855392,1526.035895,1526.397888,1526.855392,1531.890888,0,NaN,0,8.00000000000001,1,2,66,0.5
49,1534.319895,1532.729397,1533.539391,1534.317892,1537.95441,1,2.99999999999994,0.0299999999999997,8.00000000000001,1,2,66,0.5
50,1539.612891,1538.725392,1539.081891,1539.612891,1542.098888,0,NaN,0,8.00000000000001,1,2,66,0.5
51,1547.755888,1546.330409,1546.943392,1547.703392,1550.256392,0,2.99999999999994,0.0299999999999997,8.99999999999999,2,1,65,0.5
52,1552.806908,1552.011401,1552.235402,1552.754406,1556.284414,0,2.99999999999994,0.0299999999999997,8.99999999999999,2,1,65,0.5
53,1557.842408,1556.964892,1557.266391,1557.842408,1563.999392,1,NaN,0,8.99999999999999,2,1,65,0.5
54,1566.914895,1565.731392,1566.334394,1566.862394,1570.997892,1,2.99999999999994,0.0299999999999997,8.00000000000001,1,2,66,0.5
55,1691.775391,1690.255392,1690.972407,1691.722392,1698.375394,0,2.99999999999994,0.0299999999999997,8.99999999999999,2,1,65,0.5
56,1699.866892,1698.977888,1699.220891,1699.866892,1704.873392,1,NaN,0,8.99999999999999,2,1,65,0.5
57,1706.429902,1705.711396,1705.837894,1706.376894,1709.528888,1,2.99999999999994,0.0299999999999997,8.00000000000001,1,2,66,0.5
58,1711.142394,1710.275892,1710.591894,1711.089895,1714.775392,0,2.99999999999994,0.0299999999999997,8.99999999999999,2,1,65,0.5
59,1716.245393,1715.482894,1715.762896,1716.245393,1754.783891,1,NaN,0,8.99999999999999,2,1,65,0.5
60,1758.909893,1758.027895,1758.2989,1758.857395,1761.487895,0,2.99999999999994,0.0299999999999997,8.99999999999999,2,1,65,0.5
61,1762.914408,1762.108899,1762.447391,1762.861392,1765.745394,1,2.99999999999994,0.0299999999999997,8.00000000000001,1,2,66,0.5
62,1767.222891,1766.368399,1766.748892,1767.222891,1773.384391,0,NaN,0,8.00000000000001,1,2,66,0.5
63,1774.511892,1773.760407,1774.029892,1774.458892,1777.458891,1,2.99999999999994,0.0299999999999997,8.00000000000001,1,2,66,0.5
64,1778.990892,1777.883392,1778.419393,1778.937895,1782.372388,0,2.99999999999994,0.0299999999999997,8.99999999999999,2,1,65,0.5
65,1783.931388,1783.081893,1783.332388,1783.878888,1786.991388,1,2.99999999999994,0.0299999999999997,8.00000000000001,1,2,66,0.5
66,1788.691902,1787.666892,1788.133392,1788.638393,1792.470892,0,2.99999999999994,0.0299999999999997,8.99999999999999,2,1,65,0.5
67,1793.928892,1793.128392,1793.370888,1793.875892,1796.643392,1,2.99999999999994,0.0299999999999997,8.00000000000001,1,2,66,0.5
68,1798.3649,1797.533394,1797.822392,1798.312393,1801.730394,0,2.99999999999994,0.0299999999999997,8.99999999999999,2,1,65,0.5
69,1803.558394,1802.891893,1802.918407,1803.557392,1808.888409,0,NaN,0.00999999999999943,8.99999999999999,0,1,65,0.5
70,1810.901396,1809.861897,1810.270891,1810.799892,1816.148893,0,NaN,0.00999999999999943,8.99999999999999,0,1,65,0.5
71,1819.200408,1818.309892,1818.655894,1819.200408,1841.011892,0,NaN,0,8.00000000000001,1,2,66,0.5
72,1851.770394,1850.599397,1850.964392,1851.767892,1855.992888,0,2.99999999999994,0.0299999999999997,8.99999999999999,2,1,65,0.5
73,1857.748407,1857.080892,1857.262407,1857.695892,1861.761392,1,2.99999999999994,0.0299999999999997,8.00000000000001,1,2,66,0.5
74,1863.184392,1862.229894,1862.721392,1863.184392,1876.832892,0,NaN,0,8.00000000000001,1,2,66,0.5
75,1878.501892,1877.317392,1877.944892,1878.448414,1881.284406,0,2.99999999999994,0.0299999999999997,8.99999999999999,2,1,65,0.5
76,1883.512892,1882.426392,1882.903894,1883.460392,1886.705392,0,2.99999999999994,0.0299999999999997,8.99999999999999,2,1,65,0.5
77,1888.392388,1887.659395,1887.709392,1888.339392,1891.695392,0,2.99999999999994,0.0299999999999997,8.99999999999999,2,1,65,0.5
78,1893.183396,1892.313396,1892.576394,1893.130407,1896.185894,1,2.99999999999994,0.0299999999999997,8.00000000000001,1,2,66,0.5
79,1897.679898,1896.748392,1897.163892,1897.627392,1901.035891,0,2.99999999999994,0.0299999999999997,8.99999999999999,2,1,65,0.5
80,1902.504407,1901.630892,1901.923888,1902.451892,1905.510388,1,2.99999999999994,0.0299999999999997,8.00000000000001,1,2,66,0.5
81,1907.0864,1906.337397,1906.636388,1907.0864,1912.493392,0,NaN,0,8.00000000000001,1,2,66,0.5
82,1915.080412,1914.084892,1914.612393,1915.080412,1924.454892,0,NaN,0,8.00000000000001,1,2,66,0.5
83,1926.231892,1925.199892,1925.559392,1926.179393,1929.497392,0,2.99999999999994,0.0299999999999997,8.99999999999999,2,1,65,0.5
84,1931.385895,1930.178905,1930.704892,1931.383392,1934.847892,0,2.99999999999994,0.0299999999999997,8.99999999999999,2,1,65,0.5
85,1936.225394,1935.349388,1935.633888,1936.225394,1967.962892,1,NaN,0,8.99999999999999,2,1,65,0.5
86,1971.136892,1970.327392,1970.600888,1971.084888,1976.072892,1,NaN,0.00999999999999943,8.00000000000001,0,2,66,0.5
87,1979.488893,1977.452892,1978.968388,1979.488893,1985.274388,1,NaN,0,8.99999999999999,2,1,65,0.5
88,1993.624388,1992.912394,1993.170408,1993.624388,2000.539392,0,NaN,0,8.00000000000001,1,2,66,0.5
89,2002.851392,2001.921392,2002.448408,2002.851392,2008.917895,0,NaN,0,8.00000000000001,1,2,66,0.5
90,2019.409893,2018.208892,2018.528895,2019.357392,2022.263392,1,2.99999999999994,0.0299999999999997,8.00000000000001,1,2,66,0.5
91,2023.637388,2022.867895,2023.155893,2023.583893,2027.838392,0,2.99999999999994,0.0299999999999997,8.99999999999999,2,1,65,0.5
92,2029.173894,2028.358388,2028.709892,2029.173894,2038.640893,0,NaN,0,8.00000000000001,1,2,66,0.5
93,2056.173892,2055.202394,2055.606888,2056.173892,2068.335391,0,NaN,0,8.00000000000001,0,2,66,0.5
94,2118.238892,2114.237888,2114.488888,NaN,2121.720895,NaN,NaN,0,8.00000000000001,0,2,66,0.5
95,2138.006892,2136.816392,2137.159392,2138.006892,2148.908892,0,NaN,0,8.00000000000001,1,2,66,0.5
96,2341.324388,2330.860394,2331.174894,2341.271392,2346.253888,1,2.99999999999994,0.0299999999999997,8.00000000000001,1,2,66,0.5
97,2349.133392,2347.535892,2347.9029,2349.133392,2350.192891,0,NaN,0,8.00000000000001,0,2,66,0.5
98,2362.588397,2361.686392,2361.971896,2362.588397,2373.776409,0,NaN,0,8.00000000000001,1,2,66,0.5
99,2375.642892,2374.475393,2374.920394,2375.641892,2379.807888,1,NaN,0.00999999999999943,8.00000000000001,0,2,66,0.5
100,2383.376892,2382.290892,2382.765895,2383.376892,2387.486396,0,NaN,0,8.00000000000001,1,2,66,0.5
101,2389.458392,2388.692395,2389.008392,2389.458392,2395.923391,0,NaN,0,8.00000000000001,1,2,66,0.5
102,2407.703392,2397.081894,2397.321894,NaN,2509.028888,NaN,NaN,0,8.00000000000001,1,2,66,0.5
103,2533.609892,2532.700894,2532.921888,2533.606906,2537.173888,0,2.99999999999994,0.0299999999999997,8.99999999999999,2,1,65,0.5
104,2540.102392,2538.919388,2539.264388,2540.049888,2543.674892,1,2.99999999999994,0.0299999999999997,8.00000000000001,1,2,66,0.5
105,2545.161392,2544.182892,2544.554408,2545.161392,2568.233392,0,NaN,0,8.00000000000001,1,2,66,0.5
106,2604.979888,2604.052392,2604.156888,2604.979888,2607.861902,1,NaN,0,8.99999999999999,2,1,65,0.5
107,2642.835893,2642.014392,2642.216408,2642.782892,2645.451396,1,2.99999999999994,0.0299999999999997,8.00000000000001,1,2,66,0.5
108,2648.221891,2646.376393,2646.596888,2648.168892,2652.695392,1,2.99999999999994,0.0299999999999997,8.00000000000001,1,2,66,0.5
109,2653.995392,2653.240892,2653.553401,2653.995392,2667.100408,0,NaN,0,8.00000000000001,1,2,66,0.5
110,2668.751894,2667.588409,2668.180407,2668.698891,2671.921396,0,2.99999999999994,0.0299999999999997,8.99999999999999,2,1,65,0.5
111,2673.939892,2672.948892,2673.353394,2673.887388,2675.886892,0,2.99999999999994,0.0299999999999997,8.99999999999999,2,1,65,0.5
112,2677.549893,2676.610391,2676.903392,2677.496409,2680.766893,1,2.99999999999994,0.0299999999999997,8.00000000000001,1,2,66,0.5
113,2682.500395,2681.720392,2681.998891,2682.500395,2686.498891,0,NaN,0,8.00000000000001,1,2,66,0.5
114,2692.622894,2691.795894,2692.088894,2692.570391,2695.244388,1,2.99999999999994,0.0299999999999997,8.00000000000001,1,2,66,0.5
115,2696.651394,2695.809892,2696.106392,2696.599388,2700.943392,0,2.99999999999994,0.0299999999999997,8.99999999999999,2,1,65,0.5
116,2702.543892,2701.697395,2702.034396,2702.543892,2707.683388,0,NaN,0,8.00000000000001,1,2,66,0.5
117,2710.111893,2708.937891,2709.355888,2710.058901,2714.564892,1,2.99999999999994,0.0299999999999997,8.00000000000001,1,2,66,0.5
118,2716.235892,2715.019399,2715.715892,2716.182895,2718.163388,0,2.99999999999994,0.0299999999999997,8.99999999999999,2,1,65,0.5
119,2719.507388,2718.684407,2719.046388,2719.507388,2725.668393,0,NaN,0,8.00000000000001,1,2,66,0.5
120,2731.710891,2730.678392,2730.951392,2731.710891,2735.841894,0,NaN,0,8.00000000000001,1,2,66,0.5
121,2738.781391,2737.568893,2738.251891,2738.728399,2740.407893,0,2.99999999999994,0.0299999999999997,8.99999999999999,2,1,65,0.5
122,2741.969894,2740.987391,2741.373892,2741.969894,2747.115892,0,NaN,0,8.00000000000001,1,2,66,0.5
123,2749.609892,2748.256888,2749.100888,2749.557388,2757.324394,1,2.99999999999994,0.0299999999999997,8.00000000000001,1,2,66,0.5
124,2761.037892,2760.061894,2760.561897,2761.037892,2766.822394,0,NaN,0,8.00000000000001,1,2,66,0.5
125,2770.404892,2769.005392,2769.861403,2770.352388,2771.595892,0,2.99999999999994,0.0299999999999997,8.99999999999999,2,1,65,0.5
126,2773.452892,2772.606892,2772.946394,2773.399392,2775.625894,1,2.99999999999994,0.0299999999999997,8.00000000000001,1,2,66,0.5
127,2782.771902,2776.325895,2777.494894,2782.771902,2782.860388,0,NaN,0,8.00000000000001,1,2,66,0.5
128,2798.183892,2797.172894,2797.421892,2798.130394,2802.032907,1,2.99999999999994,0.0299999999999997,8.00000000000001,1,2,66,0.5
129,2805.006892,2803.943891,2804.508892,2804.953392,2808.808388,0,2.99999999999994,0.0299999999999997,8.99999999999999,2,1,65,0.5
130,2810.623392,2809.404891,2809.690392,2810.623392,2817.870892,0,NaN,0,8.00000000000001,1,2,66,0.5
131,2821.668893,2819.822892,2820.032894,2821.615895,2825.212388,1,2.99999999999994,0.0299999999999997,8.00000000000001,1,2,66,0.5
132,2828.212388,2827.479392,2827.723888,2828.212388,2836.403395,0,NaN,0,8.00000000000001,1,2,66,0.5
133,2839.424408,2838.173892,2838.931892,2839.322892,2839.651388,1,NaN,0.00999999999999943,8.00000000000001,0,2,66,0.5
134,2856.300393,2855.171892,2855.730892,2856.247897,2859.133894,0,2.99999999999994,0.0299999999999997,8.99999999999999,2,1,65,0.5
135,2860.457892,2859.530894,2859.860891,2860.404892,2863.433894,1,2.99999999999994,0.0299999999999997,8.00000000000001,1,2,66,0.5
136,2867.139898,2865.980407,2866.609392,2867.086906,2868.382388,0,2.99999999999994,0.0299999999999997,8.99999999999999,2,1,65,0.5
137,2869.925892,2868.996393,2869.422892,2869.873388,2873.552892,1,2.99999999999994,0.0299999999999997,8.00000000000001,1,2,66,0.5
138,2875.351893,2874.394409,2874.816391,2875.351893,2881.617392,0,NaN,0,8.00000000000001,1,2,66,0.5
139,2884.218393,2883.367394,2883.771391,2884.218393,2895.215392,0,NaN,0,8.00000000000001,1,2,66,0.5
140,2897.167392,2896.465892,2896.703388,2897.167392,2900.926892,1,NaN,0,8.99999999999999,2,1,65,0.5
141,2903.929392,2902.847392,2903.392892,2903.875896,2907.514408,1,2.99999999999994,0.0299999999999997,8.00000000000001,1,2,66,0.5
142,2908.818392,2907.922892,2908.278888,2908.818392,2916.207892,0,NaN,0,8.00000000000001,1,2,66,0.5
143,2922.226892,2921.014892,2921.353391,2922.226892,2928.228891,0,NaN,0,8.00000000000001,1,2,66,0.5
144,2933.460892,2932.527894,2932.866392,2933.460892,2940.91041,1,NaN,0,8.99999999999999,2,1,65,0.5
145,2946.437391,2944.271388,2944.788888,2946.384892,2951.443892,1,2.99999999999994,0.0299999999999997,8.00000000000001,1,2,66,0.5
146,2960.960888,2959.583892,2959.761388,2960.409894,NaN,1,NaN,0,8.00000000000001,1,2,66,0.5
147,2968.211392,2967.259892,2967.714391,2968.208408,2972.287893,0,2.99999999999994,0.0299999999999997,8.99999999999999,2,1,65,0.5
148,2974.985894,2973.5749,2973.876892,2974.435392,2979.473393,1,NaN,0,8.00000000000001,1,2,66,0.5
149,2984.246892,2982.501891,2982.744891,2984.246892,2987.592892,1,NaN,0,8.99999999999999,2,1,65,0.5
150,2991.576393,2990.470393,2990.797392,2991.523401,2995.341392,0,2.99999999999994,0.0299999999999997,8.99999999999999,2,1,65,0.5
151,2997.899392,2996.922891,2997.333392,2997.846892,3001.515894,0,2.99999999999994,0.0299999999999997,8.99999999999999,2,1,65,0.5
152,3003.427893,3002.656393,3002.872893,3003.374895,3008.603396,0,2.99999999999994,0.0299999999999997,8.99999999999999,2,1,65,0.5
153,3010.173896,3009.295393,3009.583894,3010.173896,3019.544388,1,NaN,0,8.99999999999999,2,1,65,0.5
154,3021.408393,3020.071388,3020.215891,3021.405894,3032.517392,1,2.99999999999994,0.0299999999999997,8.00000000000001,1,2,66,0.5
155,3034.070894,3032.9889,3033.561395,3034.018394,3036.942388,0,2.99999999999994,0.0299999999999997,8.99999999999999,2,1,65,0.5
156,3038.873894,3037.5819,3037.87041,3038.873894,3041.127888,0,NaN,0,8.00000000000001,0,2,66,0.5
157,3045.903393,3044.741392,3045.200892,3045.850393,3050.068892,1,2.99999999999994,0.0299999999999997,8.00000000000001,1,2,66,0.5
158,3052.955892,3051.734388,3052.154393,3052.902409,3057.653892,1,2.99999999999994,0.0299999999999997,8.00000000000001,1,2,66,0.5
159,3059.724394,3058.845392,3059.206392,3059.671892,3065.114892,0,2.99999999999994,0.0299999999999997,8.99999999999999,2,1,65,0.5
160,3066.681392,3065.663888,3065.968394,3066.628414,3069.233388,1,2.99999999999994,0.0299999999999997,8.00000000000001,1,2,66,0.5
161,3071.468906,3070.495392,3070.711392,3071.416891,3076.278392,0,2.99999999999994,0.0299999999999997,8.99999999999999,2,1,65,0.5
162,3077.781392,3076.843891,3077.107893,3077.728892,3082.488891,1,2.99999999999994,0.0299999999999997,8.00000000000001,1,2,66,0.5
163,3084.033403,3083.133392,3083.495392,3083.980396,3088.110394,0,2.99999999999994,0.0299999999999997,8.99999999999999,2,1,65,0.5
164,3090.100406,3089.051392,3089.382892,3090.098892,3252.003392,1,NaN,0.00999999999999943,8.00000000000001,0,2,66,0.5
165,3381.217388,3379.247401,3379.579894,3381.217388,3390.091392,1,NaN,0,8.99999999999999,2,1,65,0.5
166,3392.179895,3391.072893,3391.595392,3392.126895,3398.573392,1,2.99999999999994,0.0299999999999997,8.00000000000001,1,2,66,0.5
167,3400.127392,3399.241896,3399.571892,3400.074892,3421.768392,0,2.99999999999994,0.0299999999999997,8.99999999999999,2,1,65,0.5
168,3423.188888,3422.193396,3422.622393,3423.188888,3429.85789,0,NaN,0,8.00000000000001,1,2,66,0.5
169,3432.867392,3432.174393,3432.406393,3432.867392,3444.853388,0,NaN,0,8.00000000000001,1,2,66,0.5
170,3449.024408,3448.168888,3448.494407,3449.024408,3449.443392,0,NaN,0,8.00000000000001,1,2,66,0.5
171,3458.698888,3457.725392,3458.058388,3458.645398,3461.099388,1,2.99999999999994,0.0299999999999997,8.00000000000001,1,2,66,0.5
172,3462.855392,3462.035892,3462.326892,3462.801894,3465.825894,0,2.99999999999994,0.0299999999999997,8.99999999999999,2,1,65,0.5
173,3467.905892,3467.108906,3467.395392,3467.905892,3473.494388,0,NaN,0,8.00000000000001,1,2,66,0.5
174,3475.945397,3474.620891,3475.410392,3475.945397,3485.110394,1,NaN,0,8.99999999999999,2,1,65,0.5
175,3486.848408,3485.599388,3486.360892,3486.848408,3491.564892,1,NaN,0,8.99999999999999,2,1,65,0.5
176,3494.499392,3493.637892,3493.962396,3494.446401,3498.400892,1,2.99999999999994,0.0299999999999997,8.00000000000001,1,2,66,0.5
177,3500.035399,3498.923392,3499.509896,3500.0339,3534.311392,0,NaN,0.00999999999999943,8.99999999999999,0,1,65,0.5
178,3539.277391,3538.487894,3538.669392,3539.277391,3552.962391,1,NaN,0,8.99999999999999,2,1,65,0.5
179,3555.015888,3554.158892,3554.464392,3554.962388,3558.862892,0,2.99999999999994,0.0299999999999997,8.99999999999999,2,1,65,0.5
180,3560.436414,3559.567894,3559.901392,3560.383894,3563.601394,0,2.99999999999994,0.0299999999999997,8.99999999999999,2,1,65,0.5
181,3565.123392,3564.503892,3564.636392,3565.123392,3571.396906,1,NaN,0,8.99999999999999,2,1,65,0.5
182,3710.123388,3705.906896,3706.315391,3710.070408,3713.949388,1,2.99999999999994,0.0299999999999997,8.00000000000001,1,2,66,0.5
183,3716.768408,3715.736893,3716.156888,3716.716392,3720.478392,0,2.99999999999994,0.0299999999999997,8.99999999999999,2,1,65,0.5
184,3722.666394,3721.754407,3721.972391,3722.666394,3725.496892,1,NaN,0,8.99999999999999,2,1,65,0.5
185,3738.438892,3737.605391,3737.819892,3738.385394,3742.974892,0,2.99999999999994,0.0299999999999997,8.99999999999999,2,1,65,0.5
186,3744.610388,3743.725391,3744.002392,3744.610388,3750.860393,1,NaN,0,8.99999999999999,2,1,65,0.5
187,3754.973893,3754.072408,3754.485392,3754.973893,3761.370392,1,NaN,0,8.99999999999999,2,1,65,0.5
188,3763.326414,3761.859392,3762.839392,3763.326414,3768.075893,1,NaN,0,8.99999999999999,2,1,65,0.5
189,3771.703897,3770.106907,3771.045888,3771.701892,3775.010904,0,2.99999999999994,0.0299999999999997,8.99999999999999,2,1,65,0.5
190,3776.744388,3775.634894,3776.125892,3776.742892,3837.094391,0,NaN,0.00999999999999943,8.99999999999999,0,1,65,0.5
191,3839.430407,3837.966409,3838.255393,3839.430407,3852.201892,1,NaN,0,8.99999999999999,2,1,65,0.5
192,3853.442392,3852.626392,3852.899394,3853.389896,3855.911892,0,2.99999999999994,0.0299999999999997,8.99999999999999,2,1,65,0.5
193,3857.965892,3857.116888,3857.399896,3857.912393,3861.706391,0,2.99999999999994,0.0299999999999997,8.99999999999999,2,1,65,0.5
194,3863.142907,3862.274392,3862.524892,3863.090893,3866.560388,1,2.99999999999994,0.0299999999999997,8.00000000000001,1,2,66,0.5
195,3869.504396,3867.729894,3867.972892,3869.451393,3872.311392,0,2.99999999999994,0.0299999999999997,8.99999999999999,2,1,65,0.5
196,3874.008393,3873.136892,3873.351392,3874.004408,3878.113392,0,2.99999999999994,0.0299999999999997,8.99999999999999,2,1,65,0.5
197,3880.356888,3879.348892,3879.838388,3880.304394,3884.326892,0,2.99999999999994,0.0299999999999997,8.99999999999999,2,1,65,0.5
198,3885.814394,3884.950393,3885.238892,3885.814394,3891.484892,0,NaN,0,8.00000000000001,1,2,66,0.5
199,3892.839891,3891.898892,3892.308894,3892.837397,3897.228896,0,2.99999999999994,0.0299999999999997,8.99999999999999,2,1,65,0.5
200,3899.696388,3898.813402,3899.105391,3899.696388,3905.144892,0,NaN,0,8.00000000000001,1,2,66,0.5
201,3907.211892,3905.615395,3906.535894,3907.159388,3910.482392,0,2.99999999999994,0.0299999999999997,8.99999999999999,2,1,65,0.5
202,3911.997893,3911.070408,3911.413392,3911.945394,3915.333392,1,2.99999999999994,0.0299999999999997,8.00000000000001,1,2,66,0.5
203,3916.739895,3915.932392,3916.240392,3916.739895,3921.968896,0,NaN,0,8.00000000000001,1,2,66,0.5
204,3923.849388,3923.130388,3923.437888,3923.849388,3929.847391,0,NaN,0,8.00000000000001,1,2,66,0.5
205,3933.145388,3931.993391,3932.588395,3933.092392,3936.132388,0,2.99999999999994,0.0299999999999997,8.99999999999999,2,1,65,0.5
206,3937.508394,3936.709394,3936.974402,3937.508394,3941.565392,0,NaN,0,8.00000000000001,1,2,66,0.5
207,3944.167892,3943.103392,3943.664896,3944.114907,3947.691893,1,2.99999999999994,0.0299999999999997,8.00000000000001,1,2,66,0.5
208,3949.137894,3948.176891,3948.626391,3949.137894,3954.589392,0,NaN,0,8.00000000000001,1,2,66,0.5
209,3956.638888,3955.885892,3956.224888,3956.638888,3960.027894,0,NaN,0,8.00000000000001,1,2,66,0.5
210,3964.965392,3964.137392,3964.430396,3964.965392,3971.964399,0,NaN,0,8.00000000000001,1,2,66,0.5
211,3973.495894,3972.708894,3973.020892,3973.442393,3976.449892,1,2.99999999999994,0.0299999999999997,8.00000000000001,1,2,66,0.5
212,3978.277394,3977.432414,3977.810388,3978.277394,3980.756414,0,NaN,0,8.00000000000001,1,2,66,0.5
213,3984.908388,3983.875892,3984.352895,3984.908388,3989.8309,0,NaN,0,8.00000000000001,1,2,66,0.5
214,3992.067894,3990.724394,3991.442892,3992.015388,3994.707394,1,2.99999999999994,0.0299999999999997,8.00000000000001,1,2,66,0.5
215,3996.253892,3995.165403,3995.720408,3996.253892,4003.91241,0,NaN,0,8.00000000000001,1,2,66,0.5
216,4007.045392,4006.102892,4006.448892,4006.992891,4010.375396,1,2.99999999999994,0.0299999999999997,8.00000000000001,1,2,66,0.5
217,4012.685392,4011.868888,4012.093392,4012.632892,4019.065391,1,2.99999999999994,0.0299999999999997,8.00000000000001,1,2,66,0.5
218,4020.881402,4019.586894,4019.845892,4020.881402,4025.034408,0,NaN,0,8.00000000000001,1,2,66,0.5
219,4040.055392,4039.101888,4039.522892,4040.002893,4043.132388,1,2.99999999999994,0.0299999999999997,8.00000000000001,1,2,66,0.5
220,4044.340888,4043.537392,4043.868888,4044.340888,4051.145891,0,NaN,0,8.00000000000001,1,2,66,0.5
221,4053.054895,4051.722892,4052.510893,4052.953894,4059.868392,0,NaN,0.00999999999999943,8.99999999999999,0,1,65,0.5
222,4062.559391,4061.236394,4061.958388,4062.457892,4066.492395,0,NaN,0.00999999999999943,8.99999999999999,0,1,65,0.5
223,4069.617892,4068.550892,4068.997397,4069.564894,4072.204395,1,2.99999999999994,0.0299999999999997,8.00000000000001,1,2,66,0.5
224,4075.874888,4075.181893,4075.384888,4075.874888,4088.270892,0,NaN,0,8.00000000000001,1,2,66,0.5
225,4091.525892,4090.532414,4090.860893,4091.525892,4091.643888,0,NaN,0,8.00000000000001,1,2,66,0.5
226,4099.144395,4098.195392,4098.424394,4099.091402,4101.495892,1,2.99999999999994,0.0299999999999997,8.00000000000001,1,2,66,0.5
227,4103.554394,4102.523895,4102.817888,4103.554394,4139.472392,0,NaN,0,8.00000000000001,1,2,66,0.5
228,4154.636392,4153.639889,4153.955893,4154.583888,4157.578392,1,2.99999999999994,0.0299999999999997,8.00000000000001,1,2,66,0.5
229,4160.356415,4159.533894,4159.766892,4160.353392,4163.685392,0,2.99999999999994,0.0299999999999997,8.99999999999999,2,1,65,0.5
230,4165.330888,4164.493392,4164.750888,4165.325892,4171.883892,1,2.99999999999994,0.0299999999999997,8.00000000000001,1,2,66,0.5
231,4176.097892,4172.795392,4172.931892,4176.044392,4179.073888,0,2.99999999999994,0.0299999999999997,8.99999999999999,2,1,65,0.5
232,4180.455893,4179.654891,4179.932892,4180.455893,4186.397892,0,NaN,0,8.00000000000001,1,2,66,0.5
233,4188.011892,4187.076891,4187.424895,4187.959392,4191.147392,0,2.99999999999994,0.0299999999999997,8.99999999999999,2,1,65,0.5
234,4192.968391,4192.027401,4192.399399,4192.915393,4196.423392,0,2.99999999999994,0.0299999999999997,8.99999999999999,2,1,65,0.5
235,4198.516388,4196.936388,4197.195388,4197.9654,4202.952892,1,NaN,0,8.00000000000001,1,2,66,0.5
236,4204.960892,4204.265892,4204.455392,4204.907392,4209.073902,0,2.99999999999994,0.0299999999999997,8.99999999999999,2,1,65,0.5
237,4210.719392,4210.090892,4210.109892,4210.666891,4214.017392,1,2.99999999999994,0.0299999999999997,8.00000000000001,1,2,66,0.5
238,4215.334892,4214.463402,4214.885392,4215.334892,4220.397892,0,NaN,0,8.00000000000001,1,2,66,0.5
239,4280.484888,4279.042411,4279.701893,4280.483888,4280.998888,0,NaN,0.00999999999999943,8.99999999999999,0,1,65,0.5
240,4289.524408,4288.692408,4288.906892,4289.521891,4294.633392,0,2.99999999999994,0.0299999999999997,8.99999999999999,2,1,65,0.5
241,4296.386899,4295.531893,4295.778392,4296.386899,4302.207898,1,NaN,0,8.99999999999999,2,1,65,0.5
242,4303.841892,4302.698414,4303.113392,4303.841892,4308.380392,0,NaN,0,8.00000000000001,1,2,66,0.5
243,4310.539392,4309.825392,4310.063898,4310.539392,4317.381895,0,NaN,0,8.00000000000001,1,2,66,0.5
244,4319.757394,4318.807894,4319.244395,4319.757394,4324.827892,0,NaN,0,8.00000000000001,1,2,66,0.5
245,4326.309892,4325.5989,4325.919891,4326.309892,4329.173392,0,NaN,0,8.00000000000001,1,2,66,0.5
246,4339.811891,4339.050388,4339.339392,4339.758895,4342.895393,1,2.99999999999994,0.0299999999999997,8.00000000000001,1,2,66,0.5
247,4344.280393,4343.483396,4343.811892,4344.280393,4351.593892,0,NaN,0,8.00000000000001,1,2,66,0.5
248,4353.170394,4352.094388,4352.586891,4353.118391,4355.993894,1,2.99999999999994,0.0299999999999997,8.00000000000001,1,2,66,0.5
249,4357.270408,4356.471396,4356.814892,4357.270408,4364.984392,0,NaN,0,8.00000000000001,1,2,66,0.5
250,4367.727392,4366.940406,4367.277894,4367.674394,4370.717893,1,2.99999999999994,0.0299999999999997,8.00000000000001,1,2,66,0.5
251,4371.948892,4371.158408,4371.508894,4371.948892,4378.982394,0,NaN,0,8.00000000000001,1,2,66,0.5
252,4382.755892,4381.805892,4382.249392,4382.702392,4385.503892,0,2.99999999999994,0.0299999999999997,8.99999999999999,2,1,65,0.5
253,4386.813892,4385.999388,4386.266407,4386.761394,4389.578388,1,2.99999999999994,0.0299999999999997,8.00000000000001,1,2,66,0.5
254,4391.093893,4390.073892,4390.364892,4391.093893,4395.986394,0,NaN,0,8.00000000000001,1,2,66,0.5
255,4404.879392,4404.147892,4404.423892,4404.879392,4417.797402,0,NaN,0,8.00000000000001,1,2,66,0.5
256,4418.926393,4418.161396,4418.453392,4418.926393,4425.282393,0,NaN,0,8.00000000000001,1,2,66,0.5
257,4427.492413,4426.651892,4426.927894,4427.439888,4431.368892,1,2.99999999999994,0.0299999999999997,8.00000000000001,1,2,66,0.5
258,4433.411392,4432.528392,4432.608394,4433.357894,4436.160392,1,2.99999999999994,0.0299999999999997,8.00000000000001,1,2,66,0.5
259,4437.665388,4436.768388,4436.985388,4437.611894,4441.084388,1,2.99999999999994,0.0299999999999997,8.00000000000001,1,2,66,0.5
260,4442.674398,4441.7594,4442.080892,4442.621392,4445.934899,1,2.99999999999994,0.0299999999999997,8.00000000000001,1,2,66,0.5
261,4447.292891,4446.454905,4446.841392,4447.292891,4454.606393,0,NaN,0,8.00000000000001,0,2,66,0.5
262,4456.943894,4455.583894,4455.649894,4456.942892,4457.068388,1,NaN,0.00999999999999943,8.00000000000001,0,2,66,0.5
263,4468.092394,4467.165388,4467.535388,4468.039395,4471.291393,1,2.99999999999994,0.0299999999999997,8.00000000000001,1,2,66,0.5
264,4472.890892,4471.752392,4472.321392,4472.838392,4476.015903,0,2.99999999999994,0.0299999999999997,8.99999999999999,2,1,65,0.5
265,4477.785894,4476.817394,4477.162892,4477.783392,4481.113396,1,2.99999999999994,0.0299999999999997,8.00000000000001,1,2,66,0.5
266,4482.695388,4481.732392,4482.093392,4482.695388,4487.6569,0,NaN,0,8.00000000000001,1,2,66,0.5
267,4489.101392,4488.235894,4488.533897,4489.048388,4492.445392,1,2.99999999999994,0.0299999999999997,8.00000000000001,1,2,66,0.5
268,4493.985892,4492.898392,4493.478394,4493.932408,4496.971894,0,2.99999999999994,0.0299999999999997,8.99999999999999,2,1,65,0.5
269,4498.421388,4497.605392,4497.901392,4498.368396,4565.664393,1,2.99999999999994,0.0299999999999997,8.00000000000001,1,2,66,0.5
270,4567.269893,4566.036892,4566.228392,4567.217392,4570.420892,1,2.99999999999994,0.0299999999999997,8.00000000000001,1,2,66,0.5
271,4572.080392,4571.095392,4571.288892,4572.080392,4578.233892,1,NaN,0,8.99999999999999,2,1,65,0.5
272,4580.463891,4579.044406,4579.729397,4580.410894,4584.280906,0,2.99999999999994,0.0299999999999997,8.99999999999999,2,1,65,0.5
273,4586.393395,4585.5314,4585.764899,4586.340892,4589.834892,0,2.99999999999994,0.0299999999999997,8.99999999999999,2,1,65,0.5
274,4591.401392,4590.432392,4590.706894,4591.348393,4595.110892,1,2.99999999999994,0.0299999999999997,8.00000000000001,1,2,66,0.5
275,4596.700408,4595.611899,4595.950892,4596.648392,4602.226388,1,2.99999999999994,0.0299999999999997,8.00000000000001,1,2,66,0.5
276,4603.709888,4602.769392,4603.128388,4603.656411,4606.725391,0,2.99999999999994,0.0299999999999997,8.99999999999999,2,1,65,0.5
277,4608.407892,4607.583893,4607.873398,4608.354891,4611.918392,0,2.99999999999994,0.0299999999999997,8.99999999999999,2,1,65,0.5
278,4613.509392,4612.610892,4612.899388,4613.456892,4617.037888,0,2.99999999999994,0.0299999999999997,8.99999999999999,2,1,65,0.5
279,4618.572888,4617.609394,4617.965892,4618.572888,4626.484408,1,NaN,0,8.99999999999999,2,1,65,0.5
280,4628.146392,4626.957892,4627.548407,4628.093892,4631.932892,0,2.99999999999994,0.0299999999999997,8.99999999999999,2,1,65,0.5
281,4634.080888,4632.573892,4632.849392,4633.480888,4698.210393,1,NaN,0.00999999999999943,8.00000000000001,0,2,66,0.5
282,4699.779892,4698.757892,4699.088894,4699.779892,4704.839898,0,NaN,0,8.00000000000001,1,2,66,0.5
283,4706.320395,4705.484892,4705.867392,4706.320395,4713.162891,0,NaN,0,8.00000000000001,1,2,66,0.5
284,4715.914907,4714.925892,4715.443892,4715.914907,4722.187891,0,NaN,0,8.00000000000001,0,2,66,0.5
285,4724.255894,4722.671395,4723.601901,4724.202899,4728.813892,0,2.99999999999994,0.0299999999999997,8.99999999999999,2,1,65,0.5
286,4730.266892,4729.445398,4729.814893,4730.266892,4736.824392,0,NaN,0,8.00000000000001,0,2,66,0.5
287,4738.684892,4737.272392,4738.088892,4738.631892,4741.363392,0,2.99999999999994,0.0299999999999997,8.99999999999999,2,1,65,0.5
288,4743.483888,4742.366392,4742.811392,4743.381893,4746.394392,1,NaN,0.00999999999999943,8.00000000000001,0,2,66,0.5
289,4752.591894,4751.602392,4751.947392,4752.570891,4755.624408,1,2.99999999999994,0.0299999999999997,8.00000000000001,1,2,66,0.5
290,4756.779392,4755.988393,4756.315392,4756.779392,4763.159892,0,NaN,0,8.00000000000001,0,2,66,0.5
291,4765.525892,4763.594409,4765.027892,4765.525892,4773.517392,0,NaN,0,8.00000000000001,1,2,66,0.5
292,4775.245392,4773.900396,4774.615891,4775.191892,4778.031392,0,2.99999999999994,0.0299999999999997,8.99999999999999,2,1,65,0.5
293,4780.327396,4779.453892,4779.731388,4780.2259,4786.940893,1,NaN,0.00999999999999943,8.00000000000001,0,2,66,0.5
294,4798.200411,4797.189388,4797.629392,4798.147894,4800.394388,1,2.99999999999994,0.0299999999999997,8.00000000000001,1,2,66,0.5
295,4803.347892,4802.157392,4802.875891,4803.295392,4805.913392,0,2.99999999999994,0.0299999999999997,8.99999999999999,2,1,65,0.5
296,4807.178408,4806.332391,4806.588414,4807.178408,4821.705894,1,NaN,0,8.99999999999999,2,1,65,0.5
297,4824.233392,4822.996392,4823.722891,4824.180407,4831.174891,0,2.99999999999994,0.0299999999999997,8.99999999999999,2,1,65,0.5
298,4832.6969,4831.707398,4832.042408,4832.644409,4834.929892,1,2.99999999999994,0.0299999999999997,8.00000000000001,1,2,66,0.5
299,4836.223892,4835.406392,4835.731892,4836.223892,4841.917398,0,NaN,0,8.00000000000001,1,2,66,0.5
300,4844.301388,4843.268392,4843.734891,4844.248388,4847.583391,0,2.99999999999994,0.0299999999999997,8.99999999999999,2,1,65,0.5
301,4849.117895,4848.100892,4848.394393,4849.065392,4852.436407,0,2.99999999999994,0.0299999999999997,8.99999999999999,2,1,65,0.5
302,4854.343888,4853.480892,4853.799892,4854.291392,4858.066892,0,2.99999999999994,0.0299999999999997,8.99999999999999,2,1,65,0.5
303,4859.569892,4858.546892,4858.909888,4859.516892,4863.640408,1,2.99999999999994,0.0299999999999997,8.00000000000001,1,2,66,0.5
304,4864.916394,4864.102892,4864.441394,4864.916394,4869.282892,0,NaN,0,8.00000000000001,1,2,66,0.5
305,4872.678892,4871.827894,4872.156892,4872.678892,4882.572388,0,NaN,0,8.00000000000001,0,2,66,0.5
306,4885.071897,4884.282393,4884.553393,4885.071897,4891.329893,0,NaN,0,8.00000000000001,1,2,66,0.5
307,4893.344414,4891.986888,4892.787892,4893.291393,4894.681392,0,2.99999999999994,0.0299999999999997,8.99999999999999,2,1,65,0.5
308,4896.519894,4895.265892,4895.944892,4896.466891,4900.123892,0,2.99999999999994,0.0299999999999997,8.99999999999999,2,1,65,0.5
309,4901.589901,4900.832891,4901.144893,4901.589901,4915.490388,0,NaN,0,8.00000000000001,1,2,66,0.5
310,4917.074892,4916.197394,4916.540395,4917.074892,4923.368393,0,NaN,0,8.00000000000001,0,2,66,0.5
311,4925.267392,4923.810892,4924.737388,4925.214892,4927.520391,1,2.99999999999994,0.0299999999999997,8.00000000000001,1,2,66,0.5
312,4928.991892,4928.149392,4928.495892,4928.991892,4933.820392,0,NaN,0,8.00000000000001,1,2,66,0.5
313,4935.729892,4934.453391,4935.195892,4935.676892,4938.121392,0,2.99999999999994,0.0299999999999997,8.99999999999999,2,1,65,0.5
314,4940.151901,4939.222413,4939.636393,4940.098892,4943.103888,0,2.99999999999994,0.0299999999999997,8.99999999999999,2,1,65,0.5
315,4944.429894,4943.676392,4943.940388,4944.429894,4953.185892,0,NaN,0,8.00000000000001,0,2,66,0.5
316,4954.578388,4953.682388,4953.981891,4954.578388,4956.339892,0,NaN,0,8.00000000000001,1,2,66,0.5
317,4976.313892,4975.633401,4975.837398,4976.313892,4976.509891,0,NaN,0,8.00000000000001,1,2,66,0.5
318,4989.429392,4988.726888,4988.964892,4989.429392,4993.7869,0,NaN,0,8.00000000000001,0,2,66,0.5
319,4996.087894,4994.976408,4995.602892,4996.087894,5001.776392,0,NaN,0,8.00000000000001,1,2,66,0.5
320,5003.403893,5002.396892,5002.885895,5003.403893,5017.093392,0,NaN,0,8.00000000000001,1,2,66,0.5
321,5018.580892,5017.703398,5018.105392,5018.580892,5035.622408,0,NaN,0,8.00000000000001,1,2,66,0.5
322,5037.062408,5036.345892,5036.581392,5037.009899,5043.390888,1,2.99999999999994,0.0299999999999997,8.00000000000001,1,2,66,0.5
323,5044.769401,5043.942891,5044.231392,5044.769401,5050.273392,0,NaN,0,8.00000000000001,0,2,66,0.5
324,5052.489894,5051.810888,5052.065397,5052.436892,5056.557392,0,2.99999999999994,0.0299999999999997,8.99999999999999,2,1,65,0.5
325,5057.776897,5057.078396,5057.385397,5057.776897,5072.122408,0,NaN,0,8.00000000000001,1,2,66,0.5
326,5075.965892,5075.2689,5075.467396,5075.965892,5079.129388,0,NaN,0,8.00000000000001,1,2,66,0.5
327,5083.540892,5082.441894,5083.006396,5083.488394,5085.592892,1,2.99999999999994,0.0299999999999997,8.00000000000001,1,2,66,0.5
328,5087.429892,5086.402888,5086.735888,5087.427388,5090.2354,1,2.99999999999994,0.0299999999999997,8.00000000000001,1,2,66,0.5
329,5092.321392,5091.068891,5091.784891,5092.268392,5094.569392,0,2.99999999999994,0.0299999999999997,8.99999999999999,2,1,65,0.5
330,5095.957402,5095.089397,5095.428392,5095.957402,5106.349894,0,NaN,0,8.00000000000001,1,2,66,0.5
331,5107.773893,5107.176892,5107.252892,5107.773893,5345.673894,1,NaN,0,8.99999999999999,2,1,65,0.5
332,5357.029888,5346.408888,5346.696899,NaN,5364.103392,NaN,NaN,0,8.00000000000001,1,2,66,0.5
333,5365.392892,5364.533892,5364.789891,5365.392892,5374.111892,0,NaN,0,8.00000000000001,1,2,66,0.5
334,5376.152906,5374.767393,5374.855893,5376.100408,5383.603394,1,2.99999999999994,0.0299999999999997,8.00000000000001,1,2,66,0.5
335,5385.926892,5384.862892,5385.178394,5385.926892,5402.212412,0,NaN,0,8.00000000000001,1,2,66,0.5
336,5404.197888,5403.229394,5403.436392,5404.144388,5408.210888,1,2.99999999999994,0.0299999999999997,8.00000000000001,1,2,66,0.5
337,5410.200393,5409.103893,5409.631392,5410.147888,5413.210892,0,2.99999999999994,0.0299999999999997,8.99999999999999,2,1,65,0.5
338,5414.737894,5413.848392,5414.117392,5414.737894,5416.332888,1,NaN,0,8.99999999999999,2,1,65,0.5
339,5484.141894,5482.894899,5483.241892,5484.140413,5484.371901,0,NaN,0.00999999999999943,8.99999999999999,0,1,65,0.5
340,5501.679892,5500.858901,5501.057392,5501.661392,5513.849895,1,2.99999999999994,0.0299999999999997,8.00000000000001,1,2,66,0.5
341,5515.068393,5514.329392,5514.533392,5515.068393,5532.241392,0,NaN,0,8.00000000000001,1,2,66,0.5
342,5558.356892,5552.202892,5552.442892,5558.356892,5565.545392,0,NaN,0,8.00000000000001,0,2,66,0.5
343,5568.463388,5567.475388,5567.801397,5568.460407,5571.156892,0,2.99999999999994,0.0299999999999997,8.99999999999999,2,1,65,0.5
344,5572.585894,5571.743888,5571.979892,5572.585894,5578.994892,0,NaN,0,8.00000000000001,0,2,66,0.5
345,5580.800409,5579.479893,5580.171392,5580.698892,5584.837392,1,NaN,0.00999999999999943,8.00000000000001,0,2,66,0.5
346,5588.863393,5588.108891,5588.405894,5588.863393,5591.977392,0,NaN,0,8.00000000000001,1,2,66,0.5
347,5595.159392,5594.296391,5594.543393,5595.106892,5598.967888,1,2.99999999999994,0.0299999999999997,8.00000000000001,1,2,66,0.5
348,5600.316891,5599.352891,5599.905388,5600.316891,5609.170394,0,NaN,0,8.00000000000001,1,2,66,0.5
349,5618.785392,5617.557392,5617.766892,5618.769893,5633.004392,1,NaN,0.00999999999999943,8.00000000000001,0,2,66,0.5
350,5640.831392,5640.149892,5640.332409,5640.778891,5645.840892,1,2.99999999999994,0.0299999999999997,8.00000000000001,1,2,66,0.5
351,5647.938394,5647.098891,5647.513397,5647.938394,5652.598892,0,NaN,0,8.00000000000001,1,2,66,0.5
352,5656.175892,5655.189892,5655.663394,5656.122894,5659.302392,0,2.99999999999994,0.0299999999999997,8.99999999999999,2,1,65,0.5
353,5660.992894,5659.820392,5660.443392,5660.939894,5663.874408,0,2.99999999999994,0.0299999999999997,8.99999999999999,2,1,65,0.5
354,5665.673392,5664.847894,5665.137392,5665.620393,5670.598392,0,2.99999999999994,0.0299999999999997,8.99999999999999,2,1,65,0.5
355,5672.227388,5671.488892,5671.810392,5672.227388,5677.679888,0,NaN,0,8.00000000000001,1,2,66,0.5
356,5679.462894,5678.208892,5678.935395,5679.462894,5681.929894,0,NaN,0,8.00000000000001,1,2,66,0.5
357,5685.875895,5684.984891,5685.275396,5685.823894,5688.593397,1,2.99999999999994,0.0299999999999997,8.00000000000001,1,2,66,0.5
358,5690.161392,5689.016393,5689.696388,5690.161392,5690.427892,0,NaN,0,8.00000000000001,1,2,66,0.5
359,5696.906892,5696.146391,5696.436899,5696.906892,5697.172394,0,NaN,0,8.00000000000001,1,2,66,0.5
360,5707.859396,5707.106392,5707.256391,5707.859396,5712.555392,1,NaN,0,8.99999999999999,2,1,65,0.5
361,5715.655394,5714.859398,5715.076393,5715.603392,5719.204392,1,2.99999999999994,0.0299999999999997,8.00000000000001,1,2,66,0.5
362,5721.154892,5720.132893,5720.631891,5721.101392,5724.206892,0,2.99999999999994,0.0299999999999997,8.99999999999999,2,1,65,0.5
363,5725.917392,5725.135393,5725.413892,5725.864392,5728.8789,0,2.99999999999994,0.0299999999999997,8.99999999999999,2,1,65,0.5
364,5730.69441,5729.985392,5730.159915,5730.641892,5734.051892,0,2.99999999999994,0.0299999999999997,8.99999999999999,2,1,65,0.5
365,5735.714406,5734.763392,5735.105392,5735.613391,5741.7649,0,NaN,0.00999999999999943,8.99999999999999,0,1,65,0.5
366,5743.950395,5743.08091,5743.418388,5743.897391,5746.841891,1,2.99999999999994,0.0299999999999997,8.00000000000001,1,2,66,0.5
367,5748.243393,5747.309392,5747.787392,5748.243393,5751.033392,0,NaN,0,8.00000000000001,1,2,66,0.5
368,5756.421892,5755.735892,5755.876392,5756.369392,5759.460396,1,2.99999999999994,0.0299999999999997,8.00000000000001,1,2,66,0.5
369,5761.051392,5759.979897,5760.550892,5760.998392,5763.684907,0,2.99999999999994,0.0299999999999997,8.99999999999999,2,1,65,0.5
370,5764.994409,5764.265902,5764.585388,5764.994409,5768.959894,0,NaN,0,8.00000000000001,1,2,66,0.5
371,5771.877392,5770.666892,5770.936394,5771.824391,5774.825392,0,2.99999999999994,0.0299999999999997,8.99999999999999,2,1,65,0.5
372,5776.279392,5775.363888,5775.845388,5776.279392,5779.090392,0,NaN,0,8.00000000000001,1,2,66,0.5
373,5792.447392,5791.316392,5791.849892,5792.447392,5797.718393,0,NaN,0,8.00000000000001,1,2,66,0.5
374,5799.663392,5798.337894,5799.092407,5799.610891,5803.198892,0,2.99999999999994,0.0299999999999997,8.99999999999999,2,1,65,0.5
375,5804.818392,5803.869893,5804.313892,5804.818392,5810.668388,0,NaN,0,8.00000000000001,1,2,66,0.5
376,5816.933892,5816.206891,5816.431392,5816.933892,5817.751892,1,NaN,0,8.99999999999999,0,1,65,0.5
377,5827.5149,5826.341894,5826.978399,5827.461892,5830.331898,0,2.99999999999994,0.0299999999999997,8.99999999999999,2,1,65,0.5
378,5831.840407,5830.906394,5831.317892,5831.840407,5837.870892,0,NaN,0,8.00000000000001,1,2,66,0.5
379,5839.564409,5838.290408,5838.991396,5839.463391,5842.813891,0,NaN,0.00999999999999943,8.99999999999999,0,1,65,0.5
380,5846.904895,5845.442892,5846.300896,5846.851892,5849.553892,1,2.99999999999994,0.0299999999999997,8.00000000000001,1,2,66,0.5
381,5851.669392,5850.720891,5850.938408,5851.615892,5854.569888,1,2.99999999999994,0.0299999999999997,8.00000000000001,1,2,66,0.5
382,5856.892394,5856.172888,5856.333392,5856.839393,5860.192392,1,2.99999999999994,0.0299999999999997,8.00000000000001,1,2,66,0.5
383,5861.735392,5860.678892,5861.248408,5861.682392,5865.500892,0,2.99999999999994,0.0299999999999997,8.99999999999999,2,1,65,0.5
384,5866.790392,5865.931392,5866.252392,5866.737392,5871.121392,1,2.99999999999994,0.0299999999999997,8.00000000000001,1,2,66,0.5
385,5872.710395,5871.633392,5872.140394,5872.657394,5876.487894,1,2.99999999999994,0.0299999999999997,8.00000000000001,1,2,66,0.5
386,5878.221392,5877.507392,5877.656388,5878.168408,5882.564891,1,2.99999999999994,0.0299999999999997,8.00000000000001,1,2,66,0.5
387,5884.431892,5883.716392,5883.886394,5884.379388,5887.568394,1,2.99999999999994,0.0299999999999997,8.00000000000001,1,2,66,0.5
388,5889.246891,5888.318392,5888.739892,5889.246891,5920.459392,0,NaN,0,8.00000000000001,1,2,66,0.5
389,5923.648892,5922.302892,5923.027894,5923.596392,5927.987392,0,2.99999999999994,0.0299999999999997,8.99999999999999,2,1,65,0.5
390,5929.898388,5929.017392,5929.339896,5929.845391,5932.844392,0,2.99999999999994,0.0299999999999997,8.99999999999999,2,1,65,0.5
391,5934.421893,5933.503892,5933.824394,5934.368392,5939.298892,1,2.99999999999994,0.0299999999999997,8.00000000000001,1,2,66,0.5
392,5941.016892,5940.150394,5940.434891,5940.914892,5943.453893,0,NaN,0.00999999999999943,8.99999999999999,0,1,65,0.5
393,5957.489392,5956.544394,5956.877894,5957.489392,5962.313892,1,NaN,0,8.99999999999999,2,1,65,0.5
394,5964.381393,5963.135892,5963.844393,5964.327892,5967.027392,0,2.99999999999994,0.0299999999999997,8.99999999999999,2,1,65,0.5
395,5968.410906,5967.573401,5967.884907,5968.358392,5971.524391,1,2.99999999999994,0.0299999999999997,8.00000000000001,1,2,66,0.5
396,5973.245392,5972.195895,5972.732894,5973.191897,5976.000388,0,2.99999999999994,0.0299999999999997,8.99999999999999,2,1,65,0.5
397,5977.582388,5976.591393,5976.872406,5977.529391,5981.916392,1,2.99999999999994,0.0299999999999997,8.00000000000001,1,2,66,0.5
398,5983.551893,5982.375392,5983.024892,5983.498888,5986.931894,0,2.99999999999994,0.0299999999999997,8.99999999999999,2,1,65,0.5
399,5988.475392,5987.633392,5987.915392,5988.475392,5990.914891,1,NaN,0,8.99999999999999,2,1,65,0.5
400,6081.272904,6080.267892,6080.474394,6081.220394,6085.915392,0,2.99999999999994,0.0299999999999997,8.99999999999999,2,1,65,0.5
401,6088.110393,6087.069392,6087.430891,6088.0574,6091.061392,1,2.99999999999994,0.0299999999999997,8.00000000000001,1,2,66,0.5
402,6092.666892,6091.586895,6091.890394,6092.665892,6106.867892,1,NaN,0.00999999999999943,8.00000000000001,0,2,66,0.5
403,6110.370892,6109.520892,6109.740893,6110.370892,6121.244394,1,NaN,0,8.99999999999999,2,1,65,0.5
404,6122.775392,6121.750401,6122.291894,6122.722892,6124.600394,0,2.99999999999994,0.0299999999999997,8.99999999999999,2,1,65,0.5
405,6126.363895,6125.458892,6125.790392,6126.363895,6130.707392,0,NaN,0,8.00000000000001,1,2,66,0.5
406,6134.155892,6132.995392,6133.643392,6134.102892,6136.476892,0,2.99999999999994,0.0299999999999997,8.99999999999999,2,1,65,0.5
407,6137.991892,6137.062892,6137.455399,6137.939393,6141.398392,0,2.99999999999994,0.0299999999999997,8.99999999999999,2,1,65,0.5
408,6142.703388,6141.858393,6142.213395,6142.650409,6145.974892,0,2.99999999999994,0.0299999999999997,8.99999999999999,2,1,65,0.5
409,6147.570393,6146.454393,6146.778894,6147.517398,6150.809392,1,2.99999999999994,0.0299999999999997,8.00000000000001,1,2,66,0.5
410,6152.117891,6151.274393,6151.569891,6152.117891,6160.624392,1,NaN,0,8.99999999999999,2,1,65,0.5
411,6161.873391,6161.050398,6161.350392,6161.820415,6163.925391,0,2.99999999999994,0.0299999999999997,8.99999999999999,2,1,65,0.5
412,6165.196393,6164.433891,6164.736409,6165.196393,6274.420388,0,NaN,0,8.00000000000001,1,2,66,0.5
413,6277.177892,6275.899888,6276.083892,6277.124394,6282.336407,1,2.99999999999994,0.0299999999999997,8.00000000000001,1,2,66,0.5
414,6284.480892,6283.490892,6283.913891,6284.428392,6287.243392,0,2.99999999999994,0.0299999999999997,8.99999999999999,2,1,65,0.5
415,6291.001892,6289.953897,6290.244905,6290.949395,6295.686407,1,2.99999999999994,0.0299999999999997,8.00000000000001,1,2,66,0.5
416,6297.781894,6296.674408,6296.830894,6297.781894,6307.643399,1,NaN,0,8.99999999999999,2,1,65,0.5
417,6309.069392,6308.348391,6308.471901,6309.016388,6310.763894,1,2.99999999999994,0.0299999999999997,8.00000000000001,1,2,66,0.5
418,6312.774892,6311.575903,6312.143391,6312.721892,6315.1869,1,2.99999999999994,0.0299999999999997,8.00000000000001,1,2,66,0.5
419,6316.646392,6315.609394,6316.111893,6316.592908,6319.311392,0,2.99999999999994,0.0299999999999997,8.99999999999999,2,1,65,0.5
420,6320.761392,6319.940388,6320.254894,6320.708892,6324.103392,0,2.99999999999994,0.0299999999999997,8.99999999999999,2,1,65,0.5
421,6325.650392,6324.644907,6324.928892,6325.650392,6331.922905,1,NaN,0,8.99999999999999,2,1,65,0.5
422,6333.739893,6332.833888,6333.267392,6333.739893,6334.394905,0,NaN,0,8.00000000000001,1,2,66,0.5
423,6340.378392,6339.489392,6339.782392,6340.324898,6342.534901,1,2.99999999999994,0.0299999999999997,8.00000000000001,1,2,66,0.5
424,6344.1894,6343.075392,6343.682892,6344.136893,6346.506892,0,2.99999999999994,0.0299999999999997,8.99999999999999,2,1,65,0.5
425,6348.279391,6347.620892,6347.770888,6348.225899,6350.987895,0,2.99999999999994,0.0299999999999997,8.99999999999999,2,1,65,0.5
426,6352.632892,6351.474388,6351.737892,6352.579397,6355.202409,1,2.99999999999994,0.0299999999999997,8.00000000000001,1,2,66,0.5
427,6356.804395,6355.711893,6356.024892,6356.751392,6359.460891,0,2.99999999999994,0.0299999999999997,8.99999999999999,2,1,65,0.5
428,6360.927894,6360.062394,6360.298388,6360.875395,6367.516408,1,2.99999999999994,0.0299999999999997,8.00000000000001,1,2,66,0.5
429,6368.874892,6367.998388,6368.332892,6368.821902,6371.299391,0,2.99999999999994,0.0299999999999997,8.99999999999999,2,1,65,0.5
430,6372.661892,6371.913891,6372.169894,6372.609391,6375.275392,0,2.99999999999994,0.0299999999999997,8.99999999999999,2,1,65,0.5
431,6376.690895,6375.951892,6376.208907,6376.638392,6380.297395,0,2.99999999999994,0.0299999999999997,8.99999999999999,2,1,65,0.5
432,6381.641388,6380.851391,6381.111392,6381.641388,6387.158393,0,NaN,0,8.00000000000001,1,2,66,0.5
433,6388.881892,6387.600392,6388.312391,6388.828906,6391.841894,0,2.99999999999994,0.0299999999999997,8.99999999999999,2,1,65,0.5
434,6393.302906,6392.520892,6392.804893,6393.250393,6396.144392,0,2.99999999999994,0.0299999999999997,8.99999999999999,2,1,65,0.5
435,6397.391893,6396.666888,6396.902891,6397.391893,6397.850388,0,NaN,0,8.00000000000001,1,2,66,0.5
436,6406.423394,6405.530897,6405.954394,6406.423394,6411.141392,0,NaN,0,8.00000000000001,1,2,66,0.5
437,6412.917894,6411.756394,6412.389392,6412.864399,6416.263894,0,2.99999999999994,0.0299999999999997,8.99999999999999,2,1,65,0.5
438,6417.702408,6416.878892,6417.145894,6417.649892,6420.020409,0,2.99999999999994,0.0299999999999997,8.99999999999999,2,1,65,0.5
439,6421.470394,6420.615892,6420.876892,6421.470394,6426.702901,0,NaN,0,8.00000000000001,1,2,66,0.5
440,6428.294892,6427.142888,6427.849392,6428.294892,6431.196891,0,NaN,0,8.00000000000001,1,2,66,0.5
441,6435.1949,6434.450396,6434.760892,6435.1949,6439.161392,0,NaN,0,8.00000000000001,1,2,66,0.5
442,6442.762892,6441.378392,6442.253892,6442.709903,6445.221391,0,2.99999999999994,0.0299999999999997,8.99999999999999,2,1,65,0.5
443,6446.769392,6445.844892,6446.337892,6446.769392,6453.258892,0,NaN,0,8.00000000000001,1,2,66,0.5
444,6455.424392,6454.733392,6454.951392,6455.371892,6458.035392,0,2.99999999999994,0.0299999999999997,8.99999999999999,2,1,65,0.5
445,6459.502408,6458.497897,6458.952897,6459.449888,6461.759392,1,2.99999999999994,0.0299999999999997,8.00000000000001,1,2,66,0.5
446,6463.437892,6462.303892,6462.946908,6463.385392,6465.905392,0,2.99999999999994,0.0299999999999997,8.99999999999999,2,1,65,0.5
447,6467.368891,6466.417892,6466.729894,6467.315392,6470.700891,1,2.99999999999994,0.0299999999999997,8.00000000000001,1,2,66,0.5
448,6472.344888,6471.166891,6471.799894,6472.291892,6474.902892,0,2.99999999999994,0.0299999999999997,8.99999999999999,2,1,65,0.5
449,6476.879392,6476.047391,6476.324394,6476.826393,6480.363891,1,2.99999999999994,0.0299999999999997,8.00000000000001,1,2,66,0.5
450,6481.815397,6480.881399,6481.247892,6481.713891,6484.350414,1,NaN,0.00999999999999943,8.00000000000001,0,2,66,0.5
451,6522.227892,6521.059915,6521.677391,6522.175392,6528.559894,0,2.99999999999994,0.0299999999999997,8.99999999999999,2,1,65,0.5
452,6532.387894,6531.334391,6531.628908,6532.334888,6538.681894,1,2.99999999999994,0.0299999999999997,8.00000000000001,1,2,66,0.5
453,6540.530406,6539.671403,6539.983392,6540.477894,6541.619895,0,2.99999999999994,0.0299999999999997,8.99999999999999,2,1,65,0.5
454,6543.119396,6542.312407,6542.583391,6543.119396,6550.620388,1,NaN,0,8.99999999999999,2,1,65,0.5
455,6552.420394,6551.381393,6551.832892,6552.367892,6555.395893,0,2.99999999999994,0.0299999999999997,8.99999999999999,2,1,65,0.5
456,6556.708392,6555.897895,6556.230394,6556.708392,6563.614388,0,NaN,0,8.00000000000001,1,2,66,0.5
457,6565.078414,6564.030888,6564.638898,6565.078414,6568.155892,0,NaN,0,8.00000000000001,1,2,66,0.5
458,6577.708388,6576.710892,6577.256892,6577.708388,6580.199892,0,NaN,0,8.00000000000001,0,2,66,0.5
459,6586.728888,6585.572892,6586.150892,6586.675392,6589.536394,0,2.99999999999994,0.0299999999999997,8.99999999999999,2,1,65,0.5
460,6591.238892,6590.567392,6590.639392,6591.186392,6594.630388,1,2.99999999999994,0.0299999999999997,8.00000000000001,1,2,66,0.5
461,6596.548394,6595.798392,6595.987392,6596.495395,6599.249392,1,2.99999999999994,0.0299999999999997,8.00000000000001,1,2,66,0.5
462,6609.539891,6608.563892,6608.968892,6609.486892,6614.825392,0,2.99999999999994,0.0299999999999997,8.99999999999999,2,1,65,0.5
463,6616.224891,6615.419392,6615.747892,6616.224891,6619.1174,0,NaN,0,8.00000000000001,0,2,66,0.5
464,6627.330396,6626.490888,6626.748891,6627.277893,6630.548892,1,2.99999999999994,0.0299999999999997,8.00000000000001,1,2,66,0.5
465,6632.152894,6631.273392,6631.685892,6632.152894,6675.998388,0,NaN,0,8.00000000000001,1,2,66,0.5
466,6679.909895,6678.300393,6678.598892,6679.856894,6697.860394,0,2.99999999999994,0.0299999999999997,8.99999999999999,2,1,65,0.5
467,6699.517893,6698.352388,6698.996388,6699.465392,6702.349892,0,2.99999999999994,0.0299999999999997,8.99999999999999,2,1,65,0.5
468,6704.539888,6703.830392,6703.995392,6704.486395,6726.211903,1,2.99999999999994,0.0299999999999997,8.00000000000001,1,2,66,0.5
469,6728.018892,6726.887388,6727.437892,6727.966388,6730.678393,0,2.99999999999994,0.0299999999999997,8.99999999999999,2,1,65,0.5
470,6732.226893,6731.295407,6731.649392,6732.226893,6739.468891,1,NaN,0,8.99999999999999,2,1,65,0.5
471,6740.751392,6739.911894,6740.234401,6740.751392,7075.232409,0,NaN,0,8.00000000000001,0,2,66,0.5
472,7077.139396,7075.974407,7076.161388,7077.139396,7077.612392,1,NaN,0,8.99999999999999,2,1,65,0.5
473,7084.443894,7083.603396,7083.838907,7084.391892,7087.178892,1,2.99999999999994,0.0299999999999997,8.00000000000001,1,2,66,0.5
474,7093.770894,7092.693392,7092.955892,7093.770894,7108.385392,1,NaN,0,8.99999999999999,2,1,65,0.5
475,7110.607892,7109.441892,7109.828392,7110.607892,7157.814892,0,NaN,0,8.00000000000001,0,2,66,0.5
476,7174.837894,7173.837892,7174.065895,7174.735894,7174.861892,1,NaN,0.00999999999999943,8.00000000000001,0,2,66,0.5
477,7183.809894,7183.160888,7183.227392,7183.809894,7183.969896,1,NaN,0,8.99999999999999,2,1,65,0.5
478,7207.492895,7206.277898,7206.982892,7207.439397,7209.597392,0,2.99999999999994,0.0299999999999997,8.99999999999999,2,1,65,0.5
479,7211.377894,7210.541388,7210.811392,7211.325892,7214.128392,0,2.99999999999994,0.0299999999999997,8.99999999999999,2,1,65,0.5
480,7215.554392,7214.715392,7214.953893,7215.501892,7224.701894,1,2.99999999999994,0.0299999999999997,8.00000000000001,1,2,66,0.5
481,7227.321392,7225.970892,7226.611388,7227.318411,7230.585903,0,2.99999999999994,0.0299999999999997,8.99999999999999,2,1,65,0.5
482,7232.166388,7231.351891,7231.629892,7232.166388,7235.574895,1,NaN,0,8.99999999999999,2,1,65,0.5
483,7238.936394,7238.023392,7238.316891,7238.884388,7242.299392,1,2.99999999999994,0.0299999999999997,8.00000000000001,1,2,66,0.5
484,7243.976895,7242.800888,7243.473388,7243.924388,7246.811892,0,2.99999999999994,0.0299999999999997,8.99999999999999,2,1,65,0.5
485,7248.422892,7247.473892,7247.900393,7248.369892,7251.577392,0,2.99999999999994,0.0299999999999997,8.99999999999999,2,1,65,0.5
486,7252.867395,7252.067391,7252.326392,7252.814894,7256.103392,0,2.99999999999994,0.0299999999999997,8.99999999999999,2,1,65,0.5
487,7257.788888,7256.718892,7257.281888,7257.687888,7263.097391,0,NaN,0.00999999999999943,8.99999999999999,0,1,65,0.5
488,7265.189394,7264.424892,7264.635399,7265.136891,7267.668908,1,2.99999999999994,0.0299999999999997,8.00000000000001,1,2,66,0.5
489,7269.325892,7268.635894,7268.849392,7269.272893,7272.197888,0,2.99999999999994,0.0299999999999997,8.99999999999999,2,1,65,0.5
490,7273.505398,7272.775893,7273.085892,7273.505398,7276.653888,0,NaN,0,8.00000000000001,1,2,66,0.5
491,7286.065894,7285.119894,7285.534392,7286.013397,7289.123388,1,2.99999999999994,0.0299999999999997,8.00000000000001,1,2,66,0.5
492,7290.542891,7289.548892,7290.041888,7290.542891,7294.582892,0,NaN,0,8.00000000000001,1,2,66,0.5
493,7313.606413,7312.223392,7312.833894,7313.504892,7313.809398,1,NaN,0.00999999999999943,8.00000000000001,0,2,66,0.5
494,7324.851892,7323.980892,7324.191888,7324.851892,7324.971391,0,NaN,0,8.00000000000001,1,2,66,0.5
495,7334.889388,7334.270393,7334.312402,7334.836888,7338.070888,1,2.99999999999994,0.0299999999999997,8.00000000000001,1,2,66,0.5
496,7339.434393,7338.500892,7338.826892,7339.381891,7342.597392,1,2.99999999999994,0.0299999999999997,8.00000000000001,1,2,66,0.5
497,7344.065892,7343.079902,7343.438392,7344.012899,7346.919888,1,2.99999999999994,0.0299999999999997,8.00000000000001,1,2,66,0.5
498,7348.258391,7347.722888,7347.760391,7348.258391,7352.177904,1,NaN,0,8.99999999999999,2,1,65,0.5
499,7355.489894,7354.662393,7355.037892,7355.489894,7362.447892,1,NaN,0,8.99999999999999,2,1,65,0.5
500,7364.803888,7364.017391,7364.317392,7364.803888,7371.254891,0,NaN,0,8.00000000000001,1,2,66,0.5
501,7374.867392,7373.598392,7374.406892,7374.814394,7378.080392,1,2.99999999999994,0.0299999999999997,8.00000000000001,1,2,66,0.5
502,7379.604899,7378.567888,7379.029888,7379.503888,7393.500907,1,NaN,0.00999999999999943,8.00000000000001,0,2,66,0.5
503,7410.591891,7409.758892,7410.019392,7410.591891,7428.670892,1,NaN,0,8.99999999999999,2,1,65,0.5
504,7441.262394,7430.641392,7430.796388,NaN,7498.158391,NaN,NaN,0,8.00000000000001,1,2,66,0.5
505,7500.207392,7499.096391,7499.590394,7500.154393,7503.166392,0,2.99999999999994,0.0299999999999997,8.99999999999999,2,1,65,0.5
506,7504.707892,7503.818888,7504.126396,7504.655392,7507.252892,1,2.99999999999994,0.0299999999999997,8.00000000000001,1,2,66,0.5
507,7513.161903,7511.931894,7511.979888,7513.161903,7519.137888,1,NaN,0,8.99999999999999,2,1,65,0.5
508,7520.524408,7519.604888,7519.937396,7520.471398,7525.420907,1,2.99999999999994,0.0299999999999997,8.00000000000001,1,2,66,0.5
509,7527.208892,7526.106897,7526.661393,7527.156388,7529.836388,0,2.99999999999994,0.0299999999999997,8.99999999999999,2,1,65,0.5
510,7531.339392,7530.463894,7530.866392,7531.286407,7534.181898,0,2.99999999999994,0.0299999999999997,8.99999999999999,2,1,65,0.5
511,7535.782409,7534.792888,7535.122392,7535.729894,7540.333892,1,2.99999999999994,0.0299999999999997,8.00000000000001,1,2,66,0.5
512,7542.016388,7540.885892,7541.475392,7541.963391,7545.326388,0,2.99999999999994,0.0299999999999997,8.99999999999999,2,1,65,0.5
513,7546.937894,7546.0339,7546.297893,7546.885393,7550.522407,0,2.99999999999994,0.0299999999999997,8.99999999999999,2,1,65,0.5
514,7552.260893,7551.130392,7551.691892,7552.207396,7554.464388,0,2.99999999999994,0.0299999999999997,8.99999999999999,2,1,65,0.5
515,7555.899888,7554.996891,7555.292892,7555.846893,7558.257397,1,2.99999999999994,0.0299999999999997,8.00000000000001,1,2,66,0.5
516,7559.636893,7558.795892,7559.163392,7559.583392,7562.651398,1,2.99999999999994,0.0299999999999997,8.00000000000001,1,2,66,0.5
517,7564.138391,7563.313392,7563.626892,7564.138391,7564.575392,1,NaN,0,8.99999999999999,2,1,65,0.5
518,7579.481894,7578.073894,7578.831392,7579.380393,7579.732892,0,NaN,0.00999999999999943,8.99999999999999,0,1,65,0.5
519,7601.469399,7600.269391,7600.457388,7601.416892,7606.363392,1,2.99999999999994,0.0299999999999997,8.00000000000001,1,2,66,0.5
520,7608.056388,7606.951894,7607.516892,7608.003392,7610.430391,0,2.99999999999994,0.0299999999999997,8.99999999999999,2,1,65,0.5
521,7612.886892,7612.081892,7612.360392,7612.834392,7615.789894,0,2.99999999999994,0.0299999999999997,8.99999999999999,2,1,65,0.5
522,7617.488388,7616.417893,7616.815393,7617.435892,7620.471388,1,2.99999999999994,0.0299999999999997,8.00000000000001,1,2,66,0.5
523,7622.056408,7621.308409,7621.533393,7622.003903,7624.786388,0,2.99999999999994,0.0299999999999997,8.99999999999999,2,1,65,0.5
524,7626.724407,7625.945893,7626.139396,7626.724407,7626.881897,1,NaN,0,8.99999999999999,2,1,65,0.5
525,7821.000891,7819.866391,7820.184408,7821.000891,7962.639394,0,NaN,0,8.00000000000001,1,2,66,0.5
526,7967.420892,7966.327394,7966.708408,7967.420892,7967.609392,1,NaN,0,8.99999999999999,2,1,65,0.5
527,8056.621392,8055.305894,8056.007888,8056.568393,8061.057892,0,2.99999999999994,0.0299999999999997,8.99999999999999,2,1,65,0.5
528,8064.166394,8063.204892,8063.233894,8064.113392,8066.561392,1,2.99999999999994,0.0299999999999997,8.00000000000001,1,2,66,0.5
529,8068.538393,8067.216892,8067.955891,8068.485894,8071.265894,0,2.99999999999994,0.0299999999999997,8.99999999999999,2,1,65,0.5
530,8073.139392,8071.952396,8072.593894,8073.086399,8076.3529,0,2.99999999999994,0.0299999999999997,8.99999999999999,2,1,65,0.5
531,8078.429392,8077.495892,8077.893394,8078.376402,8080.815392,0,2.99999999999994,0.0299999999999997,8.99999999999999,2,1,65,0.5
532,8082.540892,8081.502892,8081.820388,8082.487892,8085.465388,1,2.99999999999994,0.0299999999999997,8.00000000000001,1,2,66,0.5
533,8087.154895,8086.014892,8086.554394,8087.1024,8090.572392,1,2.99999999999994,0.0299999999999997,8.00000000000001,1,2,66,0.5
534,8092.761394,8091.804892,8092.141891,8092.708892,8096.150892,0,2.99999999999994,0.0299999999999997,8.99999999999999,2,1,65,0.5
535,8097.795892,8096.796894,8097.171892,8097.742892,8101.853394,0,2.99999999999994,0.0299999999999997,8.99999999999999,2,1,65,0.5
536,8104.439398,8103.561894,8103.852892,8104.386894,8106.644891,0,2.99999999999994,0.0299999999999997,8.99999999999999,2,1,65,0.5
537,8108.073894,8107.137392,8107.420892,8108.020894,8110.812388,1,2.99999999999994,0.0299999999999997,8.00000000000001,1,2,66,0.5
538,8112.582413,8111.286394,8111.911893,8112.480892,8115.228388,1,NaN,0.00999999999999943,8.00000000000001,0,2,66,0.5
539,8151.721397,8150.331892,8150.793392,8151.721397,8155.828391,0,NaN,0,8.00000000000001,1,2,66,0.5
540,8172.299898,8171.455394,8171.707388,8172.299898,8173.364407,1,NaN,0,8.99999999999999,2,1,65,0.5
541,8181.539395,8180.365391,8180.955397,8181.486392,8184.334392,0,2.99999999999994,0.0299999999999997,8.99999999999999,2,1,65,0.5
542,8185.831902,8184.992396,8185.339393,8185.831902,8193.111392,0,NaN,0,8.00000000000001,1,2,66,0.5
543,8201.642891,8200.748892,8201.078892,8201.642891,8209.679892,1,NaN,0,8.99999999999999,2,1,65,0.5
544,8211.675895,8210.824892,8211.074414,8211.623397,8214.127392,1,2.99999999999994,0.0299999999999997,8.00000000000001,1,2,66,0.5
545,8215.950893,8215.2174,8215.327392,8215.897897,8219.607892,1,2.99999999999994,0.0299999999999997,8.00000000000001,1,2,66,0.5
546,8221.263892,8220.127398,8220.689893,8221.162392,8228.225392,0,NaN,0.00999999999999943,8.99999999999999,0,1,65,0.5
547,8246.028408,8244.806892,8245.278393,8246.026394,8248.904392,0,2.99999999999994,0.0299999999999997,8.99999999999999,2,1,65,0.5
548,8250.453398,8249.522892,8249.894891,8250.400394,8253.730388,0,2.99999999999994,0.0299999999999997,8.99999999999999,2,1,65,0.5
549,8255.295895,8254.488888,8254.829392,8255.243397,8258.76241,0,2.99999999999994,0.0299999999999997,8.99999999999999,2,1,65,0.5
550,8260.527891,8259.853392,8260.066892,8260.527891,8260.992892,0,NaN,0,8.00000000000001,1,2,66,0.5
551,8278.216892,8277.207395,8277.668892,8278.216892,8281.406891,0,NaN,0,8.00000000000001,1,2,66,0.5
552,8285.525392,8284.835894,8284.939895,8285.472392,8287.762388,1,2.99999999999994,0.0299999999999997,8.00000000000001,1,2,66,0.5
553,8289.335392,8288.333395,8288.740892,8289.282388,8292.249888,1,2.99999999999994,0.0299999999999997,8.00000000000001,1,2,66,0.5
554,8293.775392,8292.797892,8293.166392,8293.721895,8297.365894,1,2.99999999999994,0.0299999999999997,8.00000000000001,1,2,66,0.5
555,8299.049888,8297.890388,8298.491892,8298.997392,8301.918891,0,2.99999999999994,0.0299999999999997,8.99999999999999,2,1,65,0.5
556,8303.489397,8302.513904,8302.792892,8303.436392,8307.313888,1,2.99999999999994,0.0299999999999997,8.00000000000001,1,2,66,0.5
557,8308.825396,8307.791895,8308.241392,8308.772392,8311.762892,1,2.99999999999994,0.0299999999999997,8.00000000000001,1,2,66,0.5
558,8313.449892,8312.436891,8312.888408,8313.397392,8316.424392,1,2.99999999999994,0.0299999999999997,8.00000000000001,1,2,66,0.5
559,8317.968394,8316.966892,8317.303392,8317.866892,8318.524892,1,NaN,0.00999999999999943,8.00000000000001,0,2,66,0.5
560,8458.225392,8456.961893,8457.573888,8458.172893,8462.180899,0,2.99999999999994,0.0299999999999997,8.99999999999999,2,1,65,0.5
561,8464.654392,8464.000892,8464.111391,8464.601392,8466.669892,0,2.99999999999994,0.0299999999999997,8.99999999999999,2,1,65,0.5
562,8468.281888,8467.263902,8467.543892,8468.229388,8485.341894,1,2.99999999999994,0.0299999999999997,8.00000000000001,1,2,66,0.5
563,8487.022388,8486.132413,8486.375892,8486.968892,8491.415894,1,2.99999999999994,0.0299999999999997,8.00000000000001,1,2,66,0.5
564,8493.808394,8492.780396,8493.255894,8493.755394,8497.953894,0,2.99999999999994,0.0299999999999997,8.99999999999999,2,1,65,0.5
565,8499.639893,8498.618408,8499.025895,8499.586892,8503.527398,1,2.99999999999994,0.0299999999999997,8.00000000000001,1,2,66,0.5
566,8504.960892,8504.045892,8504.400393,8504.907392,8507.366897,1,2.99999999999994,0.0299999999999997,8.00000000000001,1,2,66,0.5
567,8508.851891,8508.034395,8508.263888,8508.798891,8511.801392,1,2.99999999999994,0.0299999999999997,8.00000000000001,1,2,66,0.5
568,8513.884899,8512.959393,8513.265892,8513.831892,8516.671894,0,2.99999999999994,0.0299999999999997,8.99999999999999,2,1,65,0.5
569,8518.178892,8517.323895,8517.567392,8518.125392,8520.847892,1,2.99999999999994,0.0299999999999997,8.00000000000001,1,2,66,0.5
570,8522.196897,8521.403392,8521.671892,8522.143897,8525.723392,1,2.99999999999994,0.0299999999999997,8.00000000000001,1,2,66,0.5
571,8527.662892,8526.795392,8527.118408,8527.609892,8530.259392,0,2.99999999999994,0.0299999999999997,8.99999999999999,2,1,65,0.5
572,8535.029894,8533.989392,8534.256892,8534.977392,8537.429894,1,2.99999999999994,0.0299999999999997,8.00000000000001,1,2,66,0.5
573,8539.077892,8538.143894,8538.461396,8539.077892,8539.398892,1,NaN,0,8.99999999999999,2,1,65,0.5
574,8581.208393,8570.587392,8570.699392,NaN,8587.486897,NaN,NaN,0,8.99999999999999,2,1,65,0.5
575,8589.039391,8588.036888,8588.499388,8589.039391,8592.075894,0,NaN,0,8.00000000000001,1,2,66,0.5
576,8596.182391,8594.929892,8595.574892,8596.129392,8599.737893,0,2.99999999999994,0.0299999999999997,8.99999999999999,2,1,65,0.5
577,8601.573392,8601.076892,8601.130888,8601.573392,8605.124892,0,NaN,0,8.00000000000001,1,2,66,0.5
578,8609.595392,8608.717895,8609.079893,8609.595392,8609.840892,1,NaN,0,8.99999999999999,2,1,65,0.5
579,8617.543892,8616.565894,8616.966394,8617.491392,8620.438407,0,2.99999999999994,0.0299999999999997,8.99999999999999,2,1,65,0.5
580,8621.901392,8620.991392,8621.303401,8621.901392,8622.066904,0,NaN,0,8.00000000000001,1,2,66,0.5
581,8630.186888,8629.337388,8629.610891,8630.134388,8633.788392,1,2.99999999999994,0.0299999999999997,8.00000000000001,1,2,66,0.5
582,8635.459393,8634.465392,8634.893392,8635.406906,8638.230393,1,2.99999999999994,0.0299999999999997,8.00000000000001,1,2,66,0.5
583,8640.480906,8639.309403,8639.767894,8640.479892,8643.197894,0,NaN,0.00999999999999943,8.99999999999999,0,1,65,0.5
584,8658.695891,8657.587393,8657.981892,8658.642892,8662.910407,1,2.99999999999994,0.0299999999999997,8.00000000000001,1,2,66,0.5
585,8664.324407,8663.454392,8663.734413,8664.271894,8666.916894,1,2.99999999999994,0.0299999999999997,8.00000000000001,1,2,66,0.5
586,8668.628892,8667.482892,8668.083394,8668.575894,8671.286392,1,2.99999999999994,0.0299999999999997,8.00000000000001,1,2,66,0.5
587,8680.245893,8679.017892,8679.643892,8680.193392,8685.578408,0,2.99999999999994,0.0299999999999997,8.99999999999999,2,1,65,0.5
588,8687.324891,8686.748392,8686.775892,8687.324891,8824.808888,0,NaN,0,8.00000000000001,1,2,66,0.5
589,8826.661894,8825.296391,8825.979388,8826.609392,8828.817897,0,2.99999999999994,0.0299999999999997,8.99999999999999,2,1,65,0.5
590,8840.147392,8839.221891,8839.534393,8840.147392,8840.849892,1,NaN,0,8.99999999999999,2,1,65,0.5
591,8901.957893,8900.326891,8900.629402,8901.905392,8910.586892,1,2.99999999999994,0.0299999999999997,8.00000000000001,1,2,66,0.5
592,8913.554408,8911.682408,8912.473392,8913.551892,8915.900392,0,2.99999999999994,0.0299999999999997,8.99999999999999,2,1,65,0.5
593,8920.429894,8919.567391,8919.915894,8920.377391,8922.928392,0,2.99999999999994,0.0299999999999997,8.99999999999999,2,1,65,0.5
594,8924.979392,8924.187891,8924.423892,8924.926409,8927.272892,0,2.99999999999994,0.0299999999999997,8.99999999999999,2,1,65,0.5
595,8928.638393,8927.756394,8928.011892,8928.585395,8930.167894,1,2.99999999999994,0.0299999999999997,8.00000000000001,1,2,66,0.5
596,8932.355396,8931.564894,8931.835392,8932.355396,8941.011894,1,NaN,0,8.99999999999999,2,1,65,0.5
597,8946.098893,8944.951395,8945.540888,8946.045894,8949.283392,0,2.99999999999994,0.0299999999999997,8.99999999999999,2,1,65,0.5
598,8950.772891,8949.896393,8950.331392,8950.772891,8955.051894,0,NaN,0,8.00000000000001,1,2,66,0.5
599,8959.557895,8957.643892,8958.902892,8959.504408,8962.204388,0,2.99999999999994,0.0299999999999997,8.99999999999999,2,1,65,0.5
600,8964.198888,8962.988891,8963.774888,8964.145892,8967.285392,0,2.99999999999994,0.0299999999999997,8.99999999999999,2,1,65,0.5
601,8969.315392,8968.387892,8968.784892,8969.213892,8978.776409,0,NaN,0.00999999999999943,8.99999999999999,0,1,65,0.5
602,8980.465892,8979.307892,8979.828398,8980.413392,8982.670392,0,2.99999999999994,0.0299999999999997,8.99999999999999,2,1,65,0.5
603,8984.273892,8983.1994,8983.679392,8984.220394,8988.073892,0,2.99999999999994,0.0299999999999997,8.99999999999999,2,1,65,0.5
604,8990.017891,8989.188392,8989.448895,8989.965392,8993.846397,1,2.99999999999994,0.0299999999999997,8.00000000000001,1,2,66,0.5
605,8995.466894,8994.485888,8994.890888,8995.414392,8998.237392,1,2.99999999999994,0.0299999999999997,8.00000000000001,1,2,66,0.5
606,8999.730892,8998.762407,8999.091402,8999.677397,9002.650391,1,2.99999999999994,0.0299999999999997,8.00000000000001,1,2,66,0.5
607,9004.669391,9003.382398,9004.053892,9004.567892,9009.946891,0,NaN,0.00999999999999943,8.99999999999999,0,1,65,0.5
608,9487.173394,9485.733392,9486.413393,9487.120906,9501.983893,0,2.99999999999994,0.0299999999999997,8.99999999999999,2,1,65,0.5
609,9504.231392,9502.744394,9503.292888,9504.178888,9509.949892,1,2.99999999999994,0.0299999999999997,8.00000000000001,1,2,66,0.5
610,9512.679392,9511.965392,9511.985894,9512.679392,9513.241392,1,NaN,0,8.99999999999999,2,1,65,0.5
611,9521.682394,9520.647392,9521.000892,9521.682394,9522.406891,1,NaN,0,8.99999999999999,2,1,65,0.5
612,9544.572894,9543.381392,9543.941396,9544.520392,9565.265892,1,2.99999999999994,0.0299999999999997,8.00000000000001,1,2,66,0.5
613,9567.142388,9565.864892,9566.540888,9567.089393,9573.164893,0,2.99999999999994,0.0299999999999997,8.99999999999999,2,1,65,0.5
614,9576.233902,9575.409392,9575.660392,9576.181392,9578.763398,1,2.99999999999994,0.0299999999999997,8.00000000000001,1,2,66,0.5
615,9580.873397,9579.620394,9580.005898,9580.821392,9582.7859,1,2.99999999999994,0.0299999999999997,8.00000000000001,1,2,66,0.5
616,9584.780412,9583.500393,9584.224892,9584.727894,9587.765391,0,2.99999999999994,0.0299999999999997,8.99999999999999,2,1,65,0.5
617,9589.795892,9588.607392,9589.173899,9589.743392,9592.174392,0,2.99999999999994,0.0299999999999997,8.99999999999999,2,1,65,0.5
618,9593.656895,9592.813888,9593.093892,9593.656895,9596.819399,1,NaN,0,8.99999999999999,2,1,65,0.5
619,9602.465888,9601.551895,9601.864891,9602.412895,9605.139391,1,2.99999999999994,0.0299999999999997,8.00000000000001,1,2,66,0.5
620,9606.833892,9605.694408,9606.228394,9606.780892,9609.342408,1,2.99999999999994,0.0299999999999997,8.00000000000001,1,2,66,0.5
621,9611.064888,9609.999892,9610.503392,9611.012388,9613.461892,1,2.99999999999994,0.0299999999999997,8.00000000000001,1,2,66,0.5
622,9615.101388,9614.311395,9614.546391,9615.101388,9621.051895,1,NaN,0,8.99999999999999,2,1,65,0.5
623,9622.971894,9621.894888,9622.481392,9622.918891,9626.287392,0,2.99999999999994,0.0299999999999997,8.99999999999999,2,1,65,0.5
624,9628.057899,9627.290888,9627.543888,9628.0049,9630.440892,0,2.99999999999994,0.0299999999999997,8.99999999999999,2,1,65,0.5
625,9632.104392,9631.087392,9631.475392,9632.051888,9635.154892,1,2.99999999999994,0.0299999999999997,8.00000000000001,1,2,66,0.5
626,9637.143896,9635.947888,9636.595392,9637.090892,9641.299393,0,2.99999999999994,0.0299999999999997,8.99999999999999,2,1,65,0.5
627,9643.314407,9642.407392,9642.731888,9643.213392,9647.366407,0,NaN,0.00999999999999943,8.99999999999999,0,1,65,0.5
628,9846.547894,9839.159892,9839.529392,9846.494892,9853.825391,1,2.99999999999994,0.0299999999999997,8.00000000000001,1,2,66,0.5
629,9857.626892,9856.002893,9856.837892,9857.573891,9860.420892,0,2.99999999999994,0.0299999999999997,8.99999999999999,2,1,65,0.5
630,9864.070388,9861.578893,9861.922393,9864.017888,9865.571896,1,2.99999999999994,0.0299999999999997,8.00000000000001,1,2,66,0.5
631,9872.801392,9871.993392,9872.135392,9872.748391,9874.343392,1,2.99999999999994,0.0299999999999997,8.00000000000001,1,2,66,0.5
632,9876.363402,9874.878393,9875.509391,9876.362392,9890.371392,0,NaN,0.00999999999999943,8.99999999999999,0,1,65,0.5
633,9892.405892,9891.085892,9891.752395,9892.352892,9895.906409,0,2.99999999999994,0.0299999999999997,8.99999999999999,2,1,65,0.5
634,9897.472393,9896.513392,9896.815892,9897.472393,9897.768414,1,NaN,0,8.99999999999999,0,1,65,0.5
635,9907.556893,9906.682892,9906.789391,9907.454892,10003.070394,0,NaN,0.00999999999999943,8.99999999999999,0,1,65,0.5
636,10004.805892,10003.695892,10004.190894,10004.752892,10008.192414,0,2.99999999999994,0.0299999999999997,8.99999999999999,2,1,65,0.5
637,10009.799392,10008.948888,10009.240396,10009.799392,10014.731392,1,NaN,0,8.99999999999999,2,1,65,0.5
638,10016.299891,10015.480392,10015.897388,10016.299891,10026.316407,0,NaN,0,8.00000000000001,1,2,66,0.5
639,10028.067388,10027.008893,10027.428392,10028.014888,10030.389392,1,2.99999999999994,0.0299999999999997,8.00000000000001,1,2,66,0.5
640,10032.357896,10031.727388,10031.733393,10032.304888,10035.436392,1,2.99999999999994,0.0299999999999997,8.00000000000001,1,2,66,0.5
641,10037.311392,10036.033392,10036.666892,10037.209894,10045.908893,0,NaN,0.00999999999999943,8.99999999999999,0,1,65,0.5
642,10056.722411,10055.677895,10056.096414,10056.669892,10059.865888,0,2.99999999999994,0.0299999999999997,8.99999999999999,2,1,65,0.5
643,10173.195893,10171.976392,10172.378892,10173.143399,10174.517894,1,2.99999999999994,0.0299999999999997,8.00000000000001,1,2,66,0.5
644,10187.401392,10176.779898,10176.973894,NaN,10194.9869,NaN,NaN,0,8.99999999999999,2,1,65,0.5
645,10200.401888,10199.169392,10199.803888,10200.348892,10204.786394,0,2.99999999999994,0.0299999999999997,8.99999999999999,2,1,65,0.5
646,10206.380392,10205.492393,10205.825399,10206.380392,10210.153892,0,NaN,0,8.00000000000001,1,2,66,0.5
647,10232.592392,10231.133392,10231.945392,10232.539391,10235.744415,0,2.99999999999994,0.0299999999999997,8.99999999999999,2,1,65,0.5
648,10237.519894,10236.435392,10236.905888,10237.467388,10240.900414,0,2.99999999999994,0.0299999999999997,8.99999999999999,2,1,65,0.5
649,10242.668892,10241.638411,10242.109897,10242.615392,10246.125892,0,2.99999999999994,0.0299999999999997,8.99999999999999,2,1,65,0.5
650,10247.930392,10246.802892,10247.150391,10247.8774,10252.092888,1,2.99999999999994,0.0299999999999997,8.00000000000001,1,2,66,0.5
651,10254.126393,10252.868391,10253.477392,10254.073894,10258.562388,0,2.99999999999994,0.0299999999999997,8.99999999999999,2,1,65,0.5
652,10260.642888,10259.901888,10259.934893,10260.590392,10264.011392,0,2.99999999999994,0.0299999999999997,8.99999999999999,2,1,65,0.5
653,10265.761892,10264.733393,10265.034392,10265.708892,10268.156892,1,2.99999999999994,0.0299999999999997,8.00000000000001,1,2,66,0.5
654,10269.748409,10268.693392,10269.057894,10269.647392,10269.800888,1,NaN,0.00999999999999943,8.00000000000001,0,2,66,0.5
655,10282.664408,10281.400408,10281.960396,10282.611391,10285.805392,0,2.99999999999994,0.0299999999999997,8.99999999999999,2,1,65,0.5
656,10287.994392,10286.747392,10287.137391,10287.941392,10291.259392,1,2.99999999999994,0.0299999999999997,8.00000000000001,1,2,66,0.5
657,10292.825892,10291.824892,10292.188892,10292.772888,10295.765892,1,2.99999999999994,0.0299999999999997,8.00000000000001,1,2,66,0.5
658,10297.933397,10296.878388,10297.251391,10297.831892,10301.924892,0,NaN,0.00999999999999943,8.99999999999999,0,1,65,0.5
659,10345.883893,10335.263388,10335.622388,NaN,10846.691895,NaN,NaN,0,8.00000000000001,1,2,66,0.5
660,10860.652895,10853.602392,10854.228892,10860.600392,11476.920894,1,2.99999999999994,0.0299999999999997,8.00000000000001,1,2,66,0.5
661,11479.521388,11477.763392,11478.691892,11479.467892,11484.498892,0,2.99999999999994,0.0299999999999997,8.99999999999999,2,1,65,0.5
662,11487.914407,11486.473892,11486.955895,11487.909391,11495.014393,1,2.99999999999994,0.0299999999999997,8.00000000000001,1,2,66,0.5
663,11497.514894,11496.221888,11496.647388,11497.461888,11499.418892,1,2.99999999999994,0.0299999999999997,8.00000000000001,1,2,66,0.5
664,11502.021396,11500.379392,11501.122892,11501.969392,11503.317888,0,2.99999999999994,0.0299999999999997,8.99999999999999,2,1,65,0.5
665,11505.375392,11504.188408,11504.606394,11505.322892,11513.720409,1,2.99999999999994,0.0299999999999997,8.00000000000001,1,2,66,0.5
666,11516.148891,11514.968892,11515.422414,11516.095894,11519.001392,1,2.99999999999994,0.0299999999999997,8.00000000000001,1,2,66,0.5
667,11521.175392,11519.920392,11520.463892,11521.121893,11524.791894,0,2.99999999999994,0.0299999999999997,8.99999999999999,2,1,65,0.5
668,11526.611892,11525.658391,11526.013888,11526.611892,11532.580396,0,NaN,0,8.00000000000001,1,2,66,0.5
669,11536.022408,11534.627892,11535.300892,11535.968892,11541.0389,0,2.99999999999994,0.0299999999999997,8.99999999999999,2,1,65,0.5
670,11542.731894,11541.7709,11542.081894,11542.678891,11545.973392,0,2.99999999999994,0.0299999999999997,8.99999999999999,2,1,65,0.5
671,11547.677391,11546.770893,11547.125893,11547.677391,11554.429891,0,NaN,0,8.00000000000001,1,2,66,0.5
672,11557.808408,11556.300891,11556.940391,11557.755396,11561.935392,1,2.99999999999994,0.0299999999999997,8.00000000000001,1,2,66,0.5
673,11563.812892,11562.575392,11563.140892,11563.759392,11567.293392,0,2.99999999999994,0.0299999999999997,8.99999999999999,2,1,65,0.5
674,11569.229392,11568.080392,11568.426893,11569.229392,12628.318891,1,NaN,0,8.99999999999999,0,1,65,0.5
675,12638.049392,12634.572893,12636.474895,12638.047392,12639.754894,1,2.99999999999994,0.0299999999999997,8.00000000000001,1,2,66,0.5
676,12643.667391,12640.953388,12641.765388,12643.614393,12648.699392,1,2.99999999999994,0.0299999999999997,8.00000000000001,1,2,66,0.5
677,12651.040394,12649.918894,12650.248892,12650.988388,12652.9179,1,2.99999999999994,0.0299999999999997,8.00000000000001,1,2,66,0.5
678,12655.285392,12653.831391,12654.494394,12655.232392,12659.887894,0,2.99999999999994,0.0299999999999997,8.99999999999999,2,1,65,0.5
679,12663.155897,12661.970395,12662.431892,12663.155897,12668.110408,0,NaN,0,8.00000000000001,1,2,66,0.5
680,12671.185388,12669.548392,12670.329392,12671.083892,14165.600888,0,NaN,0.00999999999999943,8.99999999999999,0,1,65,0.5
681,14172.698392,14170.975392,14171.398892,14172.698392,14173.656892,0,NaN,0,8.00000000000001,0,2,66,0.5
682,14180.568888,14179.410393,14179.783392,14180.516388,14182.299892,1,2.99999999999994,0.0299999999999997,8.00000000000001,1,2,66,0.5
683,14222.783895,14221.511392,14222.051391,14222.730894,14230.618406,1,2.99999999999994,0.0299999999999997,8.00000000000001,1,2,66,0.5
684,14234.246892,14233.007401,14233.606891,14234.193898,14235.330892,0,2.99999999999994,0.0299999999999997,8.99999999999999,2,1,65,0.5
685,14237.558892,14236.308388,14236.803396,14237.505894,14242.196892,1,2.99999999999994,0.0299999999999997,8.00000000000001,1,2,66,0.5
686,14244.396409,14243.119892,14243.510894,14244.2949,14252.503392,1,NaN,0.00999999999999943,8.00000000000001,0,2,66,0.5
687,14254.452415,14253.135392,14253.8029,14254.399892,14258.053892,0,2.99999999999994,0.0299999999999997,8.99999999999999,2,1,65,0.5
688,14260.337392,14259.452392,14259.747391,14260.284392,14264.390892,0,2.99999999999994,0.0299999999999997,8.99999999999999,2,1,65,0.5
689,14266.551894,14265.481892,14265.913894,14266.450394,14273.624388,0,NaN,0.00999999999999943,8.99999999999999,0,1,65,0.5
690,14276.550409,14275.224409,14275.822892,14276.497401,14280.161392,0,2.99999999999994,0.0299999999999997,8.99999999999999,2,1,65,0.5
691,14281.905904,14280.916892,14281.330392,14281.905904,14285.597888,0,NaN,0,8.00000000000001,1,2,66,0.5
692,14291.179392,14289.588392,14290.122894,14291.125898,14294.727392,1,2.99999999999994,0.0299999999999997,8.00000000000001,1,2,66,0.5
693,14296.566396,14295.410892,14295.802892,14296.512894,14301.090395,1,2.99999999999994,0.0299999999999997,8.00000000000001,1,2,66,0.5
694,14303.4664,14302.413892,14302.703899,14303.4664,14315.051892,1,NaN,0,8.99999999999999,2,1,65,0.5
695,14317.203891,14315.806392,14316.423892,14317.150892,14319.960392,1,2.99999999999994,0.0299999999999997,8.00000000000001,1,2,66,0.5
696,14321.803894,14320.530892,14321.071392,14321.702392,14326.880393,1,NaN,0.00999999999999943,8.00000000000001,0,2,66,0.5
697,14328.992888,14327.654392,14328.243388,14328.940396,14332.996392,1,2.99999999999994,0.0299999999999997,8.00000000000001,1,2,66,0.5
698,14335.009894,14333.6559,14334.323896,14334.957392,14339.542407,0,2.99999999999994,0.0299999999999997,8.99999999999999,2,1,65,0.5
699,14342.013392,14341.024393,14341.110892,14341.960392,14347.531392,1,2.99999999999994,0.0299999999999997,8.00000000000001,1,2,66,0.5
700,14349.518892,14348.147894,14348.791893,14349.465894,14354.048893,0,2.99999999999994,0.0299999999999997,8.99999999999999,2,1,65,0.5
701,14356.234409,14355.472888,14355.554397,14356.181892,14360.467895,0,2.99999999999994,0.0299999999999997,8.99999999999999,2,1,65,0.5
702,14362.609892,14361.875892,14361.922891,14362.556892,14370.711391,0,2.99999999999994,0.0299999999999997,8.99999999999999,2,1,65,0.5
703,14372.173393,14371.383892,14371.656892,14372.120888,14376.589388,0,2.99999999999994,0.0299999999999997,8.99999999999999,2,1,65,0.5
704,14378.292394,14377.711392,14377.831391,14378.292394,14384.815392,0,NaN,0,8.00000000000001,1,2,66,0.5
705,14386.892892,14385.533891,14386.202414,14386.890392,14391.296409,0,2.99999999999994,0.0299999999999997,8.99999999999999,2,1,65,0.5
706,14393.111392,14392.111888,14392.466414,14393.058392,14398.577892,0,2.99999999999994,0.0299999999999997,8.99999999999999,2,1,65,0.5
707,14400.708392,14399.908392,14400.132891,14400.708392,14406.385392,0,NaN,0,8.00000000000001,1,2,66,0.5
708,14408.520409,14407.129391,14407.780409,14408.467894,14412.907894,0,2.99999999999994,0.0299999999999997,8.99999999999999,2,1,65,0.5
709,14415.589392,14414.353392,14414.619892,14415.589392,14420.551888,0,NaN,0,8.00000000000001,1,2,66,0.5
710,14422.851392,14421.365888,14422.023392,14422.749392,14424.048892,1,NaN,0.00999999999999943,8.00000000000001,0,2,66,0.5
711,14430.041892,14428.170895,14429.202892,14429.988899,14434.449392,1,2.99999999999994,0.0299999999999997,8.00000000000001,1,2,66,0.5
712,14436.634907,14435.229397,14435.982394,14436.582388,14440.528388,0,2.99999999999994,0.0299999999999997,8.99999999999999,2,1,65,0.5
713,14442.711392,14441.773392,14441.813392,14442.658392,14446.681892,1,2.99999999999994,0.0299999999999997,8.00000000000001,1,2,66,0.5
714,14448.706395,14447.402892,14447.875892,14448.6534,14453.651892,1,2.99999999999994,0.0299999999999997,8.00000000000001,1,2,66,0.5
715,14455.901898,14454.798391,14455.049891,14455.849392,14460.339892,1,2.99999999999994,0.0299999999999997,8.00000000000001,1,2,66,0.5
716,14462.817388,14461.906394,14462.256892,14462.817388,14472.689388,1,NaN,0,8.99999999999999,2,1,65,0.5
717,14475.477894,14474.241392,14474.744892,14475.376892,14483.380393,1,NaN,0.00999999999999943,8.00000000000001,0,2,66,0.5
718,14485.181894,14484.024408,14484.531894,14485.181894,14490.401397,0,NaN,0,8.00000000000001,1,2,66,0.5
719,14494.942388,14493.366408,14494.205892,14494.888894,14498.530892,0,2.99999999999994,0.0299999999999997,8.99999999999999,2,1,65,0.5
720,14500.529392,14499.452894,14499.995892,14500.529392,14503.190406,0,NaN,0,8.00000000000001,0,2,66,0.5
721,14521.712897,14520.559892,14520.967896,14521.660892,14527.935893,1,2.99999999999994,0.0299999999999997,8.00000000000001,1,2,66,0.5
722,14531.077892,14530.160394,14530.238394,14531.025391,14534.980892,1,2.99999999999994,0.0299999999999997,8.00000000000001,1,2,66,0.5
723,14536.995892,14535.797392,14536.164393,14536.893894,14543.600389,1,NaN,0.00999999999999943,8.00000000000001,0,2,66,0.5
724,14545.802892,14544.370393,14544.999388,14545.749892,14549.669894,0,2.99999999999994,0.0299999999999997,8.99999999999999,2,1,65,0.5
725,14551.629892,14550.509391,14551.062392,14551.576905,14554.972896,0,2.99999999999994,0.0299999999999997,8.99999999999999,2,1,65,0.5
726,14557.136412,14556.181392,14556.511888,14557.136412,14564.481392,0,NaN,0,8.00000000000001,1,2,66,0.5
727,14567.048894,14565.592892,14566.181892,14566.947392,14567.529392,1,NaN,0.00999999999999943,8.00000000000001,0,2,66,0.5
728,14583.443392,14582.204393,14582.720894,14583.390392,14586.176394,1,2.99999999999994,0.0299999999999997,8.00000000000001,1,2,66,0.5
729,14588.159891,14587.408388,14587.467403,14588.106408,14592.530892,1,2.99999999999994,0.0299999999999997,8.00000000000001,1,2,66,0.5
730,14594.229894,14593.531396,14593.560905,14594.177391,14597.649892,1,2.99999999999994,0.0299999999999997,8.00000000000001,1,2,66,0.5
731,14599.552408,14598.815388,14598.894391,14599.4999,14602.744892,1,2.99999999999994,0.0299999999999997,8.00000000000001,1,2,66,0.5
732,14604.733893,14603.407392,14604.030892,14604.723892,14608.692407,0,2.99999999999994,0.0299999999999997,8.99999999999999,2,1,65,0.5
733,14610.908408,14610.033396,14610.056891,14610.855892,14615.607392,1,2.99999999999994,0.0299999999999997,8.00000000000001,1,2,66,0.5
734,14617.607888,14616.299391,14616.932888,14617.605388,14621.854888,0,2.99999999999994,0.0299999999999997,8.99999999999999,2,1,65,0.5
735,14623.955894,14623.114891,14623.332891,14623.903392,14627.734889,0,2.99999999999994,0.0299999999999997,8.99999999999999,2,1,65,0.5
736,14629.862392,14629.010892,14629.116393,14629.844894,14634.177892,1,2.99999999999994,0.0299999999999997,8.00000000000001,1,2,66,0.5
737,14636.543392,14635.101891,14635.858388,14636.490891,14641.315892,0,2.99999999999994,0.0299999999999997,8.99999999999999,2,1,65,0.5
738,14642.967892,14642.000404,14642.435391,14642.914891,14646.212888,0,2.99999999999994,0.0299999999999997,8.99999999999999,2,1,65,0.5
739,14648.177401,14647.145388,14647.424388,14648.124905,14652.831891,0,2.99999999999994,0.0299999999999997,8.99999999999999,2,1,65,0.5
740,14655.041392,14653.784892,14654.178388,14654.988393,14659.613895,1,2.99999999999994,0.0299999999999997,8.00000000000001,1,2,66,0.5
741,14662.171401,14661.439892,14661.469888,14662.118388,14666.906894,1,2.99999999999994,0.0299999999999997,8.00000000000001,1,2,66,0.5
742,14668.739894,14667.597392,14668.098408,14668.686408,14672.563892,0,2.99999999999994,0.0299999999999997,8.99999999999999,2,1,65,0.5
743,14674.846892,14673.484892,14674.000892,14674.793892,14700.434892,1,2.99999999999994,0.0299999999999997,8.00000000000001,1,2,66,0.5
744,14702.700892,14701.508392,14701.872891,14702.700892,14703.600892,0,NaN,0,8.00000000000001,1,2,66,0.5
745,14709.578408,14708.491902,14708.849392,14709.578408,14725.182392,0,NaN,0,8.00000000000001,1,2,66,0.5
746,14742.774892,14741.262391,14741.872392,14742.722408,14746.515392,0,2.99999999999994,0.0299999999999997,8.99999999999999,2,1,65,0.5
747,14748.611894,14747.328407,14747.805392,14748.558892,14751.881888,1,2.99999999999994,0.0299999999999997,8.00000000000001,1,2,66,0.5
748,14753.862892,14752.586388,14753.067392,14753.810392,14757.053891,0,2.99999999999994,0.0299999999999997,8.99999999999999,2,1,65,0.5
749,14759.092391,14757.890891,14758.499392,14759.092391,14766.593888,0,NaN,0,8.00000000000001,1,2,66,0.5
750,14768.490388,14767.214393,14767.825896,14768.436892,14771.805894,1,2.99999999999994,0.0299999999999997,8.00000000000001,1,2,66,0.5
751,14773.854394,14773.069898,14773.113894,14773.801898,14777.825398,1,2.99999999999994,0.0299999999999997,8.00000000000001,1,2,66,0.5
752,14780.111894,14779.057392,14779.355894,14780.059388,14783.478888,0,2.99999999999994,0.0299999999999997,8.99999999999999,2,1,65,0.5
753,14785.309392,14784.223393,14784.517892,14785.256393,14789.419392,1,2.99999999999994,0.0299999999999997,8.00000000000001,1,2,66,0.5
754,14791.336412,14790.592392,14790.644892,14791.283892,14795.049392,1,2.99999999999994,0.0299999999999997,8.00000000000001,1,2,66,0.5
755,14798.241391,14797.099392,14797.628892,14798.241391,14803.295392,1,NaN,0,8.99999999999999,2,1,65,0.5
756,14806.418904,14804.973392,14805.587888,14806.365894,14810.464892,0,2.99999999999994,0.0299999999999997,8.99999999999999,2,1,65,0.5
757,14812.163888,14811.329388,14811.661392,14812.163888,14844.419388,0,NaN,0,8.00000000000001,1,2,66,0.5
758,14847.073394,14846.148892,14846.537392,14847.019894,14850.078894,0,2.99999999999994,0.0299999999999997,8.99999999999999,2,1,65,0.5
759,14851.816392,14850.771392,14851.149894,14851.816392,14863.244894,0,NaN,0,8.00000000000001,1,2,66,0.5
760,14864.963911,14863.712392,14864.351892,14864.910892,14868.255392,0,2.99999999999994,0.0299999999999997,8.99999999999999,2,1,65,0.5
761,14869.912393,14868.967893,14869.348392,14869.912393,14877.004392,0,NaN,0,8.00000000000001,0,2,66,0.5
762,14879.886392,14878.762392,14879.160892,14879.833398,14882.954892,1,2.99999999999994,0.0299999999999997,8.00000000000001,1,2,66,0.5
763,14887.524393,14886.440892,14886.654396,14887.521894,14890.608392,1,2.99999999999994,0.0299999999999997,8.00000000000001,1,2,66,0.5
764,14892.542409,14891.529888,14891.920892,14892.489392,14896.474891,1,2.99999999999994,0.0299999999999997,8.00000000000001,1,2,66,0.5
765,14898.419894,14897.146894,14897.734892,14898.366892,14902.185892,0,2.99999999999994,0.0299999999999997,8.99999999999999,2,1,65,0.5
766,14903.964892,14902.927388,14903.357892,14903.912388,14907.068892,0,2.99999999999994,0.0299999999999997,8.99999999999999,2,1,65,0.5
767,14908.889892,14907.928892,14908.248892,14908.889892,14915.413892,0,NaN,0,8.00000000000001,0,2,66,0.5
768,14921.307894,14920.101392,14920.587893,14921.206408,14928.889898,1,NaN,0.00999999999999943,8.00000000000001,0,2,66,0.5
769,14932.031392,14930.783392,14931.299903,14931.929394,14936.572388,1,NaN,0.00999999999999943,8.00000000000001,0,2,66,0.5
770,14939.430407,14937.983893,14938.737892,14939.430407,14997.628906,0,NaN,0,8.00000000000001,1,2,66,0.5
771,15002.630896,15001.653894,15001.931892,15002.577896,15009.654892,1,2.99999999999994,0.0299999999999997,8.00000000000001,1,2,66,0.5
772,15011.366393,15010.471392,15010.587393,15011.366393,15190.695393,1,NaN,0,8.99999999999999,2,1,65,0.5
773,15192.898904,15191.677894,15192.233388,15192.846393,15197.871892,0,2.99999999999994,0.0299999999999997,8.99999999999999,2,1,65,0.5
774,15199.818892,15199.189392,15199.264892,15199.818892,15204.311893,0,NaN,0,8.00000000000001,1,2,66,0.5
775,15207.837897,15206.415893,15206.889388,15207.8349,15214.367894,1,2.99999999999994,0.0299999999999997,8.00000000000001,1,2,66,0.5
776,15216.346406,15215.060892,15215.616398,15216.293396,15219.578394,0,2.99999999999994,0.0299999999999997,8.99999999999999,2,1,65,0.5
777,15231.496394,15230.288892,15230.671892,15231.443888,15235.023388,1,2.99999999999994,0.0299999999999997,8.00000000000001,1,2,66,0.5
778,15237.083895,15235.661888,15236.402892,15237.031392,15239.630891,0,2.99999999999994,0.0299999999999997,8.99999999999999,2,1,65,0.5
779,15241.490906,15240.402408,15240.723894,15241.490906,15248.469393,1,NaN,0,8.99999999999999,2,1,65,0.5
780,15266.493892,15265.191388,15265.847392,15266.440892,15272.648392,0,2.99999999999994,0.0299999999999997,8.99999999999999,2,1,65,0.5
781,15274.186892,15273.275895,15273.642892,15274.186892,15280.209888,0,NaN,0,8.00000000000001,1,2,66,0.5
782,15283.006906,15281.612894,15282.3289,15282.954891,15284.594409,0,2.99999999999994,0.0299999999999997,8.99999999999999,2,1,65,0.5
783,15286.663394,15285.523891,15286.154892,15286.610393,15290.122892,0,2.99999999999994,0.0299999999999997,8.99999999999999,2,1,65,0.5
784,15292.826409,15291.588892,15292.011914,15292.826409,15292.988892,1,NaN,0,8.99999999999999,2,1,65,0.5
785,15332.599892,15331.579893,15331.937395,15332.599892,15335.426892,0,NaN,0,8.00000000000001,1,2,66,0.5
786,15382.097392,15381.226388,15381.516393,15382.097392,15382.242394,1,NaN,0,8.99999999999999,2,1,65,0.5
787,15392.320407,15391.295391,15391.666892,15392.267395,15396.134891,0,2.99999999999994,0.0299999999999997,8.99999999999999,2,1,65,0.5
788,15397.825888,15396.781892,15397.278891,15397.825888,15403.655903,0,NaN,0,8.00000000000001,1,2,66,0.5
789,15405.832407,15404.560892,15405.172892,15405.780392,15409.332892,0,2.99999999999994,0.0299999999999997,8.99999999999999,2,1,65,0.5
790,15418.202388,15417.035892,15417.417894,15418.149888,15421.256388,1,2.99999999999994,0.0299999999999997,8.00000000000001,1,2,66,0.5
791,15423.012407,15421.860406,15422.438907,15422.959392,15425.980892,0,2.99999999999994,0.0299999999999997,8.99999999999999,2,1,65,0.5
792,15428.250407,15426.746892,15427.023392,15428.248391,15431.028892,1,2.99999999999994,0.0299999999999997,8.00000000000001,1,2,66,0.5
793,15432.880892,15432.146893,15432.237891,15432.880892,15438.441394,1,NaN,0,8.99999999999999,2,1,65,0.5
794,15440.475894,15439.412892,15439.886888,15440.475894,15440.578391,0,NaN,0,8.00000000000001,1,2,66,0.5
795,15462.883397,15461.474388,15462.253392,15462.830892,15467.188906,0,2.99999999999994,0.0299999999999997,8.99999999999999,2,1,65,0.5
796,15483.395392,15482.276906,15482.583392,15483.342392,15499.733892,0,2.99999999999994,0.0299999999999997,8.99999999999999,2,1,65,0.5
797,15502.004892,15500.495897,15501.093895,15501.951893,15504.495392,1,2.99999999999994,0.0299999999999997,8.00000000000001,1,2,66,0.5
798,15506.856906,15505.578888,15506.103888,15506.804414,15510.270895,1,2.99999999999994,0.0299999999999997,8.00000000000001,1,2,66,0.5
799,15511.917892,15510.926396,15511.200888,15511.865393,15516.430408,1,2.99999999999994,0.0299999999999997,8.00000000000001,1,2,66,0.5
800,15518.057392,15517.030891,15517.458406,15518.004392,15521.145894,0,2.99999999999994,0.0299999999999997,8.99999999999999,2,1,65,0.5
801,15523.45241,15522.500891,15522.752392,15523.399895,15527.690388,1,2.99999999999994,0.0299999999999997,8.00000000000001,1,2,66,0.5
802,15530.004392,15529.209894,15529.266402,15530.004392,15536.787392,1,NaN,0,8.99999999999999,2,1,65,0.5
803,15538.746407,15537.382894,15537.917394,15538.693392,15542.302407,1,2.99999999999994,0.0299999999999997,8.00000000000001,1,2,66,0.5
804,15544.288892,15542.889888,15543.588897,15544.288892,15549.314392,1,NaN,0,8.99999999999999,2,1,65,0.5
805,15551.771393,15550.463392,15551.136891,15551.718888,15554.462395,0,2.99999999999994,0.0299999999999997,8.99999999999999,2,1,65,0.5
806,15556.453392,15555.320892,15555.650891,15556.453392,16965.551396,1,NaN,0,8.99999999999999,2,1,65,0.5
807,16978.640892,16969.701894,16970.111392,NaN,16983.848892,NaN,NaN,0,8.99999999999999,2,1,65,0.5
808,16989.017891,16987.440392,16988.304892,16988.964901,16992.748392,0,2.99999999999994,0.0299999999999997,8.99999999999999,2,1,65,0.5
809,16995.517892,16994.376892,16994.697392,16995.464906,16997.435892,1,2.99999999999994,0.0299999999999997,8.00000000000001,1,2,66,0.5
810,16999.339891,16998.069888,16998.705392,16999.286892,17002.291896,0,2.99999999999994,0.0299999999999997,8.99999999999999,2,1,65,0.5
811,17004.191894,17003.045902,17003.259392,17004.138891,17008.216891,1,2.99999999999994,0.0299999999999997,8.00000000000001,1,2,66,0.5
812,17010.214392,17008.901391,17009.530414,17010.161904,17013.6724,0,2.99999999999994,0.0299999999999997,8.99999999999999,2,1,65,0.5
813,17015.730413,17014.828388,17014.873888,17015.628892,17025.317392,1,NaN,0.00999999999999943,8.00000000000001,0,2,66,0.5
814,17027.321392,17026.209392,17026.645893,17027.268891,17030.883894,1,2.99999999999994,0.0299999999999997,8.00000000000001,1,2,66,0.5
815,17032.709892,17031.414394,17032.093888,17032.657392,17035.339397,0,2.99999999999994,0.0299999999999997,8.99999999999999,2,1,65,0.5
816,17037.619392,17036.223392,17036.546408,17037.616894,17040.964394,1,2.99999999999994,0.0299999999999997,8.00000000000001,1,2,66,0.5
817,17043.131895,17042.0869,17042.412394,17043.131895,17044.196392,1,NaN,0,8.99999999999999,2,1,65,0.5
818,17050.136892,17048.706392,17049.496892,17050.083891,17053.566392,0,2.99999999999994,0.0299999999999997,8.99999999999999,2,1,65,0.5
819,17055.475892,17054.857892,17054.960892,17055.423391,17059.018894,0,2.99999999999994,0.0299999999999997,8.99999999999999,2,1,65,0.5
820,17063.544906,17062.554392,17062.889892,17063.491892,17067.195392,0,2.99999999999994,0.0299999999999997,8.99999999999999,2,1,65,0.5
821,17068.771392,17067.919391,17068.256892,17068.771392,17071.755888,0,NaN,0,8.00000000000001,1,2,66,0.5
822,17099.442891,17098.036409,17098.493892,17099.340892,17099.884892,1,NaN,0.00999999999999943,8.00000000000001,0,2,66,0.5
823,17110.388892,17109.015892,17109.395893,17110.335398,17113.943892,1,2.99999999999994,0.0299999999999997,8.00000000000001,1,2,66,0.5
824,17115.934891,17114.719392,17115.167894,17115.881894,17119.366888,1,2.99999999999994,0.0299999999999997,8.00000000000001,1,2,66,0.5
825,17121.153888,17119.943394,17120.288391,17121.101392,17123.272392,1,2.99999999999994,0.0299999999999997,8.00000000000001,1,2,66,0.5
826,17125.329392,17124.091391,17124.655894,17125.227891,17126.152393,0,NaN,0.00999999999999943,8.99999999999999,0,1,65,0.5
827,17135.416388,17134.449892,17134.762891,17135.363394,17138.691388,0,2.99999999999994,0.0299999999999997,8.99999999999999,2,1,65,0.5
828,17141.349397,17140.223392,17140.412892,17141.295896,17144.376892,1,2.99999999999994,0.0299999999999997,8.00000000000001,1,2,66,0.5
829,17149.816888,17148.673392,17149.069892,17149.715388,NaN,1,NaN,0.00999999999999943,8.00000000000001,0,2,66,0.5
